<?xml version='1.0' encoding='UTF-8' standalone='no'?>
<!-- Created by JSBMLexample version 1.0 on 2016-04-11 at 23:04:53 SGT with JSBML version 1.0-rc1. -->
<sbml xmlns="http://www.sbml.org/sbml/level2/version3" level="2" version="3">
  <model metaid="a1eab4e8-82a9-429b-b240-1a8a5a52899d" id="NetLand_SBML_model">
    <annotation>
	<rdf:RDF xmlns:rdf="http://www.w3.org/1999/02/22-rdf-syntax-ns#" xmlns:dc="http://purl.org/dc/elements/1.1/" xmlns:vCard="http://www.w3.org/2001/vcard-rdf/3.0#">
	<rdf:Description rdf:about="#a1eab4e8-82a9-429b-b240-1a8a5a52899d">
	<dc:creator>
	<rdf:Bag>
	<rdf:li rdf:parseType="Resource">
	<vCard:N rdf:parseType="Resource">
	<vCard:Family>NTU</vCard:Family>
	<vCard:Given>SCSE</vCard:Given>
	</vCard:N>
	<vCard:EMAIL>guojing.srtp@gmail.com</vCard:EMAIL>
	<vCard:ORG rdf:parseType="Resource">
	<vCard:Orgname>NetLand</vCard:Orgname>
	</vCard:ORG>
	</rdf:li>
	</rdf:Bag>
	</dc:creator>
	</rdf:Description>
	</rdf:RDF>
	</annotation>
      <listOfCompartments>
      <compartment name="cytosol" id="cytosol" size="1"/>
    </listOfCompartments>
    <listOfSpecies>
      <species boundaryCondition="false" hasOnlySubstanceUnits="true" initialAmount="1" compartment="cytosol" name="a" id="a"/>
      <species boundaryCondition="false" hasOnlySubstanceUnits="true" initialAmount="1" compartment="cytosol" name="b" id="b"/>
    </listOfSpecies>
    <listOfParameters>
      <parameter name="BasalExpression_b_1" id="BasalExpression_b_1" value="0"/>
      <parameter name="BasalExpression_a" id="BasalExpression_a" value="0"/>
      <parameter name="BasalExpression_a_0" id="BasalExpression_a_0" value="0"/>
      <parameter name="BasalExpression_a_1" id="BasalExpression_a_1" value="0"/>
      <parameter name="BasalExpression_b" id="BasalExpression_b" value="0"/>
      <parameter name="BasalExpression_b_0" id="BasalExpression_b_0" value="0"/>
      <parameter name="max_b" id="max_b" value="1"/>
      <parameter name="max_a" id="max_a" value="1"/>
      <parameter name="I_a_1" id="I_a_1" value="1"/>
      <parameter name="I_b_0" id="I_b_0" value="1"/>
      <parameter name="I_a_0" id="I_a_0" value="1"/>
      <parameter name="K_b_1" id="K_b_1" value="0.5"/>
      <parameter name="I_b_1" id="I_b_1" value="1"/>
      <parameter name="K_a_1" id="K_a_1" value="0.5"/>
      <parameter name="K_b_0" id="K_b_0" value="0.5"/>
      <parameter name="K_a_0" id="K_a_0" value="0.5"/>
      <parameter name="N_b_1" id="N_b_1" value="4"/>
      <parameter name="N_a_1" id="N_a_1" value="4"/>
      <parameter name="N_b_0" id="N_b_0" value="4"/>
      <parameter name="N_a_0" id="N_a_0" value="4"/>
      <parameter name="deg_a" id="deg_a" value="1"/>
      <parameter name="deg_b" id="deg_b" value="1"/>
    </listOfParameters>
    <listOfReactions>
      <reaction name="max_a*(BasalExpression_a+(BasalExpression_a_0+I_a_0*(a/K_a_0)^N_a_0/(1+(a/K_a_0)^N_a_0))+(BasalExpression_a_1+I_a_1*(1/(1+(b/K_a_1)^N_a_1))))-deg_a*a" id="R_a">
        <listOfProducts>
          <speciesReference species="a"/>
        </listOfProducts>
        <listOfModifiers>
          <modifierSpeciesReference species="b"/>
          <modifierSpeciesReference species="a"/>
        </listOfModifiers>
        <kineticLaw>
          <math xmlns="http://www.w3.org/1998/Math/MathML">          
            <apply>
              <minus/>
              <apply>
                <times/>
                <ci> max_a </ci>
                <apply>
                  <plus/>
                  <apply>
                    <plus/>
                    <ci> BasalExpression_a </ci>
                    <apply>
                      <plus/>
                      <ci> BasalExpression_a_0 </ci>
                      <apply>
                        <divide/>
                        <apply>
                          <times/>
                          <ci> I_a_0 </ci>
                          <apply>
                            <power/>
                            <apply>
                              <divide/>
                              <ci> a </ci>
                              <ci> K_a_0 </ci>
                            </apply>
                            <ci> N_a_0 </ci>
                          </apply>
                        </apply>
                        <apply>
                          <plus/>
                          <cn type="integer"> 1 </cn>
                          <apply>
                            <power/>
                            <apply>
                              <divide/>
                              <ci> a </ci>
                              <ci> K_a_0 </ci>
                            </apply>
                            <ci> N_a_0 </ci>
                          </apply>
                        </apply>
                      </apply>
                    </apply>
                  </apply>
                  <apply>
                    <plus/>
                    <ci> BasalExpression_a_1 </ci>
                    <apply>
                      <times/>
                      <ci> I_a_1 </ci>
                      <apply>
                        <divide/>
                        <cn type="integer"> 1 </cn>
                        <apply>
                          <plus/>
                          <cn type="integer"> 1 </cn>
                          <apply>
                            <power/>
                            <apply>
                              <divide/>
                              <ci> b </ci>
                              <ci> K_a_1 </ci>
                            </apply>
                            <ci> N_a_1 </ci>
                          </apply>
                        </apply>
                      </apply>
                    </apply>
                  </apply>
                </apply>
              </apply>
              <apply>
                <times/>
                <ci> deg_a </ci>
                <ci> a </ci>
              </apply>
            </apply>
          </math>
                </kineticLaw>
      </reaction>
      <reaction name="max_b*(BasalExpression_b+(BasalExpression_b_0+I_b_0*(b/K_b_0)^N_b_0/(1+(b/K_b_0)^N_b_0))+(BasalExpression_b_1+I_b_1*(1/(1+(a/K_b_1)^N_b_1))))-deg_b*b" id="R_b">
        <listOfProducts>
          <speciesReference species="b"/>
        </listOfProducts>
        <listOfModifiers>
          <modifierSpeciesReference species="a"/>
          <modifierSpeciesReference species="b"/>
        </listOfModifiers>
        <kineticLaw>
          <math xmlns="http://www.w3.org/1998/Math/MathML">          
            <apply>
              <minus/>
              <apply>
                <times/>
                <ci> max_b </ci>
                <apply>
                  <plus/>
                  <apply>
                    <plus/>
                    <ci> BasalExpression_b </ci>
                    <apply>
                      <plus/>
                      <ci> BasalExpression_b_0 </ci>
                      <apply>
                        <divide/>
                        <apply>
                          <times/>
                          <ci> I_b_0 </ci>
                          <apply>
                            <power/>
                            <apply>
                              <divide/>
                              <ci> b </ci>
                              <ci> K_b_0 </ci>
                            </apply>
                            <ci> N_b_0 </ci>
                          </apply>
                        </apply>
                        <apply>
                          <plus/>
                          <cn type="integer"> 1 </cn>
                          <apply>
                            <power/>
                            <apply>
                              <divide/>
                              <ci> b </ci>
                              <ci> K_b_0 </ci>
                            </apply>
                            <ci> N_b_0 </ci>
                          </apply>
                        </apply>
                      </apply>
                    </apply>
                  </apply>
                  <apply>
                    <plus/>
                    <ci> BasalExpression_b_1 </ci>
                    <apply>
                      <times/>
                      <ci> I_b_1 </ci>
                      <apply>
                        <divide/>
                        <cn type="integer"> 1 </cn>
                        <apply>
                          <plus/>
                          <cn type="integer"> 1 </cn>
                          <apply>
                            <power/>
                            <apply>
                              <divide/>
                              <ci> a </ci>
                              <ci> K_b_1 </ci>
                            </apply>
                            <ci> N_b_1 </ci>
                          </apply>
                        </apply>
                      </apply>
                    </apply>
                  </apply>
                </apply>
              </apply>
              <apply>
                <times/>
                <ci> deg_b </ci>
                <ci> b </ci>
              </apply>
            </apply>
          </math>
                </kineticLaw>
      </reaction>
    </listOfReactions>
  </model>
</sbml>

Land	3.0	0.0	3.0	0.0
2	3.0	100	128	true	50
a	b	
0.0	0.05	0.1	0.15	0.2	0.25	0.3	0.35	0.4	0.45	0.5	0.55	0.6	0.65	0.7	0.75	0.8	0.85	0.9	0.95	1.0	1.05	1.1	1.15	1.2	1.25	1.3	1.35	1.4	1.45	1.5	1.55	1.6	1.65	1.7	1.75	1.8	1.85	1.9	1.95	2.0	2.05	2.1	2.15	2.2	2.25	2.3	2.35	2.4	2.45	2.5	2.55	2.6	2.65	2.7	2.75	2.8	2.85	2.9	2.95	3.0	
0.0	0.05	0.1	0.15	0.2	0.25	0.3	0.35	0.4	0.45	0.5	0.55	0.6	0.65	0.7	0.75	0.8	0.85	0.9	0.95	1.0	1.05	1.1	1.15	1.2	1.25	1.3	1.35	1.4	1.45	1.5	1.55	1.6	1.65	1.7	1.75	1.8	1.85	1.9	1.95	2.0	2.05	2.1	2.15	2.2	2.25	2.3	2.35	2.4	2.45	2.5	2.55	2.6	2.65	2.7	2.75	2.8	2.85	2.9	2.95	3.0	
67	11	22	
1.0000000000000004	1.0000000000000024	0.03209047433065816	0.031909031323915496	
0.003921602595995635	1.996078397404001	0.025000140081182405	0.025194789044799968	
1.9960783974039997	0.003921602595995648	0.025196991483005252	0.025001493136205952	
61	61
0.3568932839465588	0.3990498425404212	0.5412058408106526	0.7833612787490136	1.1255161563128726	1.5676704732767852	2.1098242284224753	2.751977415022142	3.4941299951071447	4.336281749696247	5.278431388095756	6.320571135740926	7.462653134694911	8.70437638958604	10.043809591492073	11.468431114804684	12.901025444781828	14.008521969611182	14.393865612628913	14.397765632183217	14.377142453821163	14.418658253803914	14.535862861666647	14.730670723182392	15.003343265523412	15.353915341907879	15.782391495245877	16.28877230457985	16.87305784208461	17.53524811655776	18.275343129047993	19.093342879677554	19.989247368460383	20.96305659539803	22.01477056049067	23.14438926373832	24.351912705140975	25.637340884698645	27.000673802411317	28.441911458279005	29.961053852301706	31.558100984479406	33.233052854812136	34.985909463299855	36.81667080994261	38.72533689474035	40.7119077176931	42.776383278800886	44.918763578063654	47.13904861548146	49.437238391054244	51.813332904782044	54.267332156664864	56.79923614670265	59.40904487489534	62.09675834124265	64.8623765457437	67.7058994883957	70.62732716918963	73.6266595880979	76.70389674503717	
0.3990498425404212	0.44120640113231296	0.5833623993928886	0.8255178372828905	1.1676727145991739	1.6098270302674977	2.151980778482767	2.79413392718697	3.536286295459309	4.37843683985396	5.320579410248926	6.362676962285163	7.504501507933501	8.744620942357738	10.07391821839614	11.436106321185473	12.564758245689584	13.010868560594169	12.985243287485012	12.895409840508707	12.860341112583248	12.89983216711445	13.016762215030617	13.21153371774188	13.484201551821272	13.83477303189996	14.263249111371678	14.769629911756242	15.353915448200492	16.016105722550726	16.756200735027022	17.57420048565504	18.470104974437703	19.443914201375332	20.49562816646797	21.625246869715617	22.832770311118274	24.118198490675944	25.481531408388616	26.922769064256304	28.441911458279005	30.038958590456705	31.713910460789435	33.466767069277154	35.297528415919906	37.20619450071765	39.1927653236704	41.257240884778184	43.39962118404095	45.61990622145875	47.918095997031536	50.2941905107593	52.74818976264199	55.280093752679335	57.88990248087048	60.57761594721248	63.34323415169571	66.18675709428915	69.10818477489477	72.1075171932105	75.18475434832503	
0.5412058408106526	0.5833623993928886	0.7255183976061542	0.9676738352592086	1.3098287113624374	1.751983020682722	2.294136734940774	2.9362896979673034	3.6784410284148286	4.520585643208562	5.46269358328209	6.504584424190516	7.64514885113593	8.877461098295141	10.159053746152972	11.276914438580038	11.773290866448361	11.725691172142664	11.568981658038624	11.457751830126439	11.419598310599763	11.458661290617442	11.575533371480647	11.770297199307132	12.04296403955663	12.393535393766227	12.82201145764615	13.32839225614166	13.912677792362055	14.574868066686344	15.3149630791597	16.13296282978739	17.02886731857002	18.002676545507644	19.05439051060028	20.18400921384793	21.391532655250586	22.676960834808256	24.040293752520927	25.481531408388616	27.000673802411317	28.597720934589017	30.272672804921747	32.025529413409465	33.85629076005222	35.76495684484996	37.75152766780271	39.81600322891049	41.95838352817325	44.178668565591025	46.47685834116371	48.85295285489112	51.3069521067725	53.838856096805124	56.448664824979744	59.13637829126502	61.90199649555784	64.74551943752562	67.66694711611947	70.66627952810462	73.74351666372439	
0.7833612787490136	0.8255178372828905	0.9676738352592086	1.2098292717255346	1.5519841417532978	1.9941384192800464	2.536291963466718	3.178443996545506	3.920590129172107	4.762705046893475	5.704639569922092	6.745496020580017	7.879782394799865	9.074221812912558	10.1562320996665	10.684820640436012	10.619333859051979	10.397846935387177	10.210883293688035	10.095159478315782	10.056367579024508	10.095342159123561	10.212202272956903	10.406964516401674	10.679631151488785	11.030202479714474	11.458678540375692	11.965059338481232	12.549344874655416	13.211535148974347	13.951630161447097	14.769629912074722	15.665534400857341	16.639343627794965	17.691057592887603	18.82067629613525	20.028199737537907	21.313627917095577	22.67696083480825	24.118198490675937	25.637340884698638	27.234388016876338	28.909339887209068	30.662196495696787	32.492957842339536	34.40162392713728	36.38819475009003	38.45267031119779	40.59505061046048	42.815335647877994	45.11352542344968	47.489619937173316	49.94361918904093	52.47552317902423	55.08533190702595	57.77304537271811	60.5386635750196	63.382186510444484	66.3036141679997	69.30294651378122	72.38018344552903	
1.1255161563128726	1.1676727145991739	1.3098287113624374	1.5519841417532978	1.894138980677672	2.336293095437208	2.878445768942877	3.5205930411671162	4.262712564120586	5.104675467172854	6.045722846704562	7.08130716507742	8.1842909453775	9.211639340104199	9.750584075719738	9.666867174575742	9.382069946139485	9.119739085237095	8.926515270857308	8.8098808810221	8.770960031486394	8.809916762941727	8.926774460682692	9.121536384250147	9.394202977916228	9.744774300895925	10.173250360907304	10.679631158934113	11.263916695098967	11.926106969416818	12.666201981889444	13.484201732517054	14.380106221299673	15.353915448237297	16.405629413329933	17.53524811657758	18.74277155798024	20.028199737537907	21.391532655250582	22.83277031111827	24.35191270514097	25.94895983731867	27.623911707651402	29.37676831613912	31.207529662781866	33.116195747579596	35.1027665705323	37.167242131639895	39.3096224309019	41.529907468316715	43.82809724387809	46.204191757563216	48.658191009289865	51.19009499876827	53.79990372500015	56.48761718462069	59.25323536653749	62.096758234984726	65.0181856771738	68.01751734524908	71.09475219002547	
1.5676704732767852	1.6098270302674977	1.751983020682722	1.9941384192800464	2.336293095437208	2.778446358419797	3.320594475580216	3.9627168342985457	4.704697122701552	5.545865054697315	6.4822880184437	7.490904912679693	8.44968505100215	8.976344132422453	8.869457560456514	8.521805425105597	8.184337186708772	7.91366741907685	7.7192012931587835	7.602386977680902	7.56344066398123	7.60239387112495	7.719251091801144	7.914012952207957	8.186679537695344	8.537250859639206	8.965726919522275	9.472107717533538	10.05639325369655	10.718583528014186	11.458678540486789	12.276678291114397	13.172582779897015	14.146392006834638	15.198105971927275	16.327724675174924	17.53524811657758	18.82067629613525	20.184009213847922	21.62524686971561	23.14438926373831	24.74143639591601	26.41638826624874	28.169244874736453	30.000006221379177	31.908672306176808	33.895243129129085	35.95971869023494	38.102098989490024	40.32238402687783	42.620573802336	44.99666831563516	47.45066756594932	49.98257155036852	52.59238025886602	55.28009365764723	58.045711635303746	60.88923383261637	63.810659116780286	66.80998399409468	69.88719792729206	
2.1098242284224753	2.151980778482767	2.294136734940774	2.536291963466718	2.878445768942877	3.320594475580216	3.862718220250042	4.504707325811562	5.2459432877535805	6.082873981717685	6.995063268881068	7.874902879277179	8.367676867600364	8.228630222826862	7.817296538234316	7.404711486638798	7.056620255995414	6.784329311247925	6.589623044521526	6.472773978631572	6.433822747446217	6.472775274007916	6.5896324025580535	6.7843942507679085	7.057060834675908	7.407632156419739	7.836108216278029	8.34248901428629	8.926774550448945	9.588964824766542	10.32905983723914	11.147059587866746	12.042964076649364	13.016773303586987	14.068487268679625	15.198105971927273	16.405629413329933	17.6910575928876	19.054390510600275	20.495628166467963	22.01477056049066	23.61181769266836	25.286769563001076	27.039626171488734	28.87038751813122	30.77905360292785	32.765624425875956	34.83009998696479	36.972480286152006	39.192765323274855	41.49095509772067	43.86704960723423	46.321048843693994	48.85295277849034	51.46276131304154	54.15047411508475	56.91609008927259	59.75960570385263	62.68100982164384	65.68026809694295	68.75727696551351	
2.751977415022142	2.79413392718697	2.9362896979673034	3.178443996545506	3.5205930411671162	3.9627168342985457	4.504707325811562	5.145968259652863	5.883148295205443	6.697354004381779	7.490259080684181	7.9293387748635	7.746061670732472	7.268851105803432	6.780909876567802	6.355380710541193	6.0052658734714806	5.732668349340213	5.537916720028045	5.421061090859719	5.382108930935265	5.421061328959522	5.5379184401103725	5.732680286016661	6.005346869626372	6.3559181913324245	6.7843942511860345	7.290775049193728	7.875060585356318	8.537250859673906	9.277345872146503	10.09534562277411	10.991250111556727	11.96505933849435	13.016773303586987	14.146392006834636	15.353915448237295	16.63934362779496	18.002676545507637	19.44391420137532	20.963056595398015	22.56010372757569	24.23505559790829	25.987912206395425	27.81867355303565	29.727339637822652	31.713910460730673	33.778386021656154	35.920766320191746	38.141051354770724	40.43924111949692	42.81533559266468	45.269334696107926	47.80123815447348	50.4110450189618	53.09875209173184	55.86434883091021	58.7078012485142	61.629002190188885	64.62762144962149	67.702665643795	
3.4941299951071447	3.536286295459309	3.6784410284148286	3.920590129172107	4.262712564120586	4.704697122701552	5.2459432877535805	5.883148295205443	6.598085584080817	7.29752481403317	7.664885434047591	7.4233218433184565	6.876797620921297	6.312988494570837	5.809957670236361	5.382012309043396	5.03152307985732	4.758868913028134	4.56410890440627	4.447252062916169	4.408299731442442	4.447252105724303	4.564109213661299	4.758871059142091	5.031537642696704	5.382108964395779	5.810585024248525	6.316965822256114	6.90125135841869	7.563441632736277	8.303536645208872	9.12153639583648	10.017440884619099	10.991250111556722	12.042964076649358	13.172582779897008	14.380106221299664	15.665534400857332	17.028867318570004	18.470104974437678	19.98924736846032	21.586294500637752	23.26124637096925	25.014102979451494	26.844864326070457	28.753530410766995	30.74010123329831	32.804576792688515	34.94695708510019	37.167242095771826	39.465431769152794	41.84152590074205	44.295523754094575	46.827422734972366	49.43721390441601	52.1248671362556	54.890283137600484	57.733141992066095	60.6524372857471	63.64508909783021	66.70202948441451	
4.336281749696247	4.37843683985396	4.520585643208562	4.762705046893475	5.104675467172854	5.545865054697315	6.082873981717685	6.697354004381779	7.29752481403317	7.576491233159645	7.261622607298036	6.641429278612536	6.001002826645108	5.420360725934947	4.914570179306986	4.486187476947742	4.135630592852361	3.8629661929509767	3.668204670580775	3.551347610082217	3.512395247617781	3.5513476176105336	3.66820472496694	3.862966570370866	4.135633153915525	4.48620447561334	4.914680535465929	5.4210613334734985	6.005346869636074	6.66753714395366	7.407632156426256	8.225631907053863	9.12153639583648	10.095345622774104	11.147059587866742	12.27667829111439	13.484201732517047	14.769629912074711	16.13296282978736	17.574200485654934	19.093342879677095	20.69039001185229	22.36534188217366	24.118198490610908	25.948959837034266	27.857625920898595	29.844196739964506	31.90867228523131	34.05105252130725	36.271337312048566	38.569526145119646	40.94561713444119	43.399603487983974	45.93146128084809	48.54110808781493	51.22826626816202	53.992022422817676	56.82945155357483	59.7315325641635	62.672318475334194	65.5881888645679	
5.278431388095756	5.320579410248926	5.46269358328209	5.704639569922092	6.045722846704562	6.4822880184437	6.995063268881068	7.490259080684181	7.664885434047591	7.261622607298036	6.562948988893683	5.8449975300344175	5.186598516628199	4.602941030188083	4.09666180063245	3.6682018008744333	3.3176329627365915	3.0449667548219326	2.8502049649994823	2.733347865806088	2.6943954978661546	2.733347867101099	2.850204974354926	3.0449668197452713	3.3176334032881716	3.668204724985763	4.096680784838325	4.603061582845891	5.187347119008465	5.8495373933260515	6.589632405798649	7.4076321564262555	8.303536645208872	9.277345872146496	10.329059837239134	11.45867854048678	12.66620198188943	13.951630161447055	15.314963079159517	16.756200735026177	18.275343129043996	19.87239026119909	21.54734213142923	23.30019873946129	25.130960084123302	27.039626160493825	29.026196948354674	31.090672366444057	33.23305209523213	35.45333490556386	37.75151617192486	40.12757886673824	42.58146167797947	45.112948718784125	47.72129725789057	50.404017557796	53.15305190017265	55.94394442867902	58.71277423801608	61.343757694913165	63.75375077637525	
6.320571135740926	6.362676962285163	6.504584424190516	6.745496020580017	7.08130716507742	7.490904912679693	7.874902879277179	7.9293387748635	7.4233218433184565	6.641429278612536	5.8449975300344175	5.108677060647101	4.447126107616359	3.862946285188268	3.3565825780615195	2.928109220502142	2.57753831668848	2.3048717963490346	2.1101099603108784	1.9932528544310235	1.9543004855449253	1.9932528546489205	2.1101099618850214	2.3048718072730203	2.5775383908156164	2.92810971251317	3.356585772365727	3.8629665703732927	4.447252106535867	5.109442380853453	5.84953739332605	6.667537143953656	7.563441632736274	8.537250859673897	9.588964824766531	10.718583528014166	11.926106969416749	13.211535148974036	14.57486806668483	16.016105722543422	17.53524811652302	19.13229524850091	20.80724711792692	22.56010372238755	24.390865051524546	26.299531061842565	28.286101574653383	30.3505758717667	32.492951129196754	34.71321648393194	37.011331059416946	39.38714441818618	41.84011538669388	44.368344981809635	46.96537918222694	49.61046866995683	52.24497299056131	54.74934731036408	57.01592630419483	59.09419717679275	61.12287274294402	
7.462653134694911	7.504501507933501	7.64514885113593	7.879782394799865	8.1842909453775	8.44968505100215	8.367676867600364	7.746061670732472	6.876797620921297	6.001002826645108	5.186598516628199	4.447126107616359	3.785041093854813	3.2007729574321284	2.694394972319483	2.2659193572189547	1.9153481042979803	1.642681531157595	1.4479196873088154	1.3310625802989247	1.2921102112529212	1.3310625803347853	1.4479196875678904	1.6426815329554927	1.9153481164980377	2.2659194381955845	2.6943954980481406	3.2007762960557065	3.7850618322182807	4.447252106535867	5.1873471190084635	6.00534686963607	6.901251358418687	7.875060585356306	8.92677455044892	10.056393253696442	11.26391669509845	12.549344874652828	13.912677792349237	15.35391544813821	16.873057841788043	18.470104972237028	20.145056834725178	21.897913408372048	23.728674603561725	25.637340043989635	27.62390818371794	29.68837280931518	31.83070948996534	34.05082426189445	36.34836375341455	38.72203031927337	41.16719381757111	43.6680760034309	46.17616474287112	48.577348168987356	50.73513710498128	52.6637600047795	54.51103679713708	56.38808310116264	58.34136698346787	
8.70437638958604	8.744620942357738	8.877461098295141	9.074221812912558	9.211639340104199	8.976344132422453	8.228630222826862	7.268851105803432	6.312988494570837	5.420360725934947	4.602941030188083	3.862946285188268	3.2007729574321284	2.6164902224193827	2.1101098772503857	1.681633888996876	1.3310625783714227	1.0583959965034917	0.8636341513636826	0.7467770441670062	0.707824675094572	0.7467770441727782	0.8636341514053882	1.0583959967929248	1.3310625803354614	1.681633902033007	2.110109961885563	2.616490759893129	3.200776296055703	3.862966570373289	4.603061582845886	5.421061333473491	6.316965822256102	7.290775049193688	8.342489014286123	9.472107717532703	10.679631158929848	11.965059338459657	13.328392256034583	14.769629911235617	16.28877230210045	17.885819419637365	19.56077122353298	21.313627536947568	23.144387600909113	25.053048228448084	27.03959632707784	29.103979279669094	31.24599026537478	33.4648348353303	35.75753989895243	38.11338725208618	40.49659777647666	42.80954219432602	44.895027307203364	46.707341809374626	48.388321643179694	50.076522874956574	51.833939554290836	53.681357040157664	55.625174507594785	
10.043809591492073	10.07391821839614	10.159053746152972	10.1562320996665	9.750584075719738	8.869457560456514	7.817296538234316	6.780909876567802	5.809957670236361	4.914570179306986	4.09666180063245	3.3565825780615195	2.694394972319483	2.1101098772503857	1.6037291505506321	1.1752531019726675	0.8246817820186262	0.5520151987397875	0.35725335339126896	0.24039624616439673	0.20144387708768952	0.24039624616530444	0.3572533533978343	0.5520151987853603	0.8246817823278957	1.175253104025441	1.6037291638779971	2.1101099618855628	2.694395498048137	3.356585772365723	4.096680784838318	4.914680535465915	5.810585024248476	6.7843942511857875	7.836108216276744	8.965726919515536	10.173250360872476	11.458678540199184	12.822011456769847	14.2632491071106	15.782391474952785	17.3794384857499	19.054389805280913	20.80724396744649	22.637994680002222	24.546615522428958	26.53299797303291	28.59670618214268	30.736031496346982	32.9444786518099	35.198686418367856	37.425582738041484	39.469296977419276	41.21029400262504	42.749918382420525	44.25772083093034	45.82167941208812	47.47197805490983	49.21770250726727	51.0615171227297	53.00420845769348	
11.468431114804684	11.436106321185473	11.276914438580038	10.684820640436012	9.666867174575742	8.521805425105597	7.404711486638798	6.355380710541193	5.382012309043396	4.486187476947742	3.6682018008744333	2.928109220502142	2.2659193572189547	1.681633888996876	1.1752531019726675	0.7467770438567064	0.3962057224277071	0.1235391389257878	-0.07122270645573031	-0.18807981368737683	-0.22703218276475967	-0.1880798136872381	-0.07122270645472102	0.12353913893280337	0.3962057224753384	0.7467770441728839	1.1752531040254397	1.6816339020330056	2.265919438195579	2.928109712513163	3.6682047249857455	4.48620447561327	5.382108964395429	6.355918191330522	7.407632156409527	8.537250859585289	9.74477430061691	11.030202478300163	12.39353538674457	13.83477299775706	15.353915179305412	16.95096132638988	18.625908726569943	20.378745481603225	22.209420529906993	24.117719534246557	26.102763239779875	28.161038983278754	30.279064810110246	32.40957355464114	34.42403601583068	36.14585786432076	37.585591122697515	38.92881134290383	40.303859409307954	41.75825033616028	43.30620211782689	44.95175458993584	46.69605527371839	48.53943491478705	50.48199065167223	
12.901025444781828	12.564758245689584	11.773290866448361	10.619333859051979	9.382069946139485	8.184337186708772	7.056620255995414	6.0052658734714806	5.03152307985732	4.135630592852361	3.3176329627365915	2.57753831668848	1.9153481042979803	1.3310625783714227	0.8246817820186262	0.3962057224277071	0.04563440077062019	-0.2270321827657964	-0.42179402815241773	-0.5386511353848026	-0.5776035044622898	-0.5386511353847827	-0.42179402815226746	-0.2270321827647434	0.0456344007777915	0.3962057224753369	0.8246817823278927	1.3310625803354583	1.915348116498029	2.577538390815596	3.3176334032880797	4.1356331539150375	5.031537642694002	6.0053468696115235	7.057060834595855	8.186679537272388	9.394202975727312	10.679631140393505	12.04296398447351	13.484201283984627	15.00334198998536	16.60038129603195	18.275297653646632	20.0279965515051	21.85807261933038	23.763828364553625	25.738370458305585	27.755266221580932	29.72761427279942	31.471400132092402	32.87421140369897	34.083397945929484	35.278831935457404	36.5397658745231	37.89057284664091	39.33802496145924	40.883977371191186	42.52894389346887	44.27306941074975	46.11639559266881	48.05893466963969	
14.008521969611182	13.010868560594169	11.725691172142664	10.397846935387177	9.119739085237095	7.91366741907685	6.784329311247925	5.732668349340213	4.758868913028134	3.8629661929509767	3.0449667548219326	2.3048717963490346	1.642681531157595	1.0583959965034917	0.5520151987397875	0.1235391389257878	-0.2270321827657964	-0.49969876630743065	-0.6944606116948234	-0.8113177189273201	-0.8502700880048232	-0.8113177189273183	-0.6944606116948036	-0.4996987663072794	-0.22703218276474446	0.12353913893280098	0.5520151987853562	1.0583959967929182	1.6426815329554671	2.3048718072729035	3.0449668197446207	3.862966570367177	4.758871059121391	5.732680285902672	6.784394250153017	7.91401294895906	9.121536367436995	10.406964431182692	11.770296776249475	13.211531660713801	14.730660926993881	16.32764719733152	18.002322934795654	19.75395404977711	21.579405564091882	23.46579046304374	25.36457444979051	27.134498478051054	28.57492756377227	29.706963448268514	30.742741252844876	31.815576045135742	32.970583876553626	34.220271753897784	35.56796081115514	37.01453602720418	38.560237033486075	40.20512998486739	41.94923351794955	43.792552991363515	45.735089977790295	
14.393865612628913	12.985243287485012	11.568981658038624	10.210883293688035	8.926515270857308	7.7192012931587835	6.589623044521526	5.537916720028045	4.56410890440627	3.668204670580775	2.8502049649994823	2.1101099603108784	1.4479196873088154	0.8636341513636826	0.35725335339126896	-0.07122270645573031	-0.42179402815241773	-0.6944606116948234	-0.8892224570823308	-1.006079564314844	-1.0450319333923492	-1.0060795643148448	-0.8892224570823299	-0.6944606116948058	-0.4217940281522709	-0.07122270645472618	0.35725335339782477	0.8636341514053596	1.4479196875677436	2.1101099618841896	2.850204974350093	3.6682047249392467	4.564109213505624	5.5379184392530085	6.589632397933218	7.719251067366641	8.926774334241951	10.21220163211623	11.57553019025185	13.016746747543328	14.535789205872078	16.132373137104516	17.805225781700727	19.54881179216279	21.340243734969516	23.096976564899087	24.6217334470407	25.766970435232217	26.68616680253485	27.583355331556763	28.545679317995038	29.598361743654518	30.747973311210743	31.996203396581123	33.34349155522021	34.78995427434115	36.33562304871698	37.98050656945786	39.72460728466081	41.56792589820941	43.51046261668118	
14.397765632183217	12.895409840508707	11.457751830126439	10.095159478315782	8.8098808810221	7.602386977680902	6.472773978631572	5.421061090859719	4.447252062916169	3.551347610082217	2.733347865806088	1.9932528544310235	1.3310625802989247	0.7467770441670062	0.24039624616439673	-0.18807981368737683	-0.5386511353848026	-0.8113177189273201	-1.006079564314844	-1.1229366715473592	-1.161889040624865	-1.1229366715473605	-1.0060795643148457	-0.8113177189273219	-0.5386511353847875	-0.18807981368724805	0.24039624616527097	0.7467770441726057	1.3310625803337628	1.9932528546428512	2.733347867065568	3.5513476174066025	4.447252104577685	5.421061322645025	6.472775239948921	7.60239369119543	8.809915831930683	10.095337440753395	11.458637869319428	12.899718303870872	14.418116292692849	16.011719364369807	17.671190081916166	19.358045149359732	20.94378775841739	22.197754097910334	23.085563279954844	23.8370604338662	24.614431697778684	25.4719608938855	26.423935966184942	27.473927104794097	28.622828385153934	29.870867330427387	31.21810298000519	32.664550968735206	34.21021552299829	35.85509780901763	37.599198155287844	39.44251665625822	41.3850533396479	
14.377142453821163	12.860341112583248	11.419598310599763	10.056367579024508	8.770960031486394	7.56344066398123	6.433822747446217	5.382108930935265	4.408299731442442	3.512395247617781	2.6943954978661546	1.9543004855449253	1.2921102112529212	0.707824675094572	0.20144387708768952	-0.22703218276475967	-0.5776035044622898	-0.8502700880048232	-1.0450319333923492	-1.161889040624865	-1.2008414097023707	-1.1618890406248663	-1.0450319333923517	-0.8502700880048285	-0.5776035044623	-0.22703218276479667	0.20144387708748976	0.7078246750933683	1.2921102112456042	1.9543004855011963	2.6943954976099036	3.5123952461468613	4.408299723172745	5.38210888539845	6.433822501855021	7.563439366665402	8.77095331928659	10.056333564435313	11.419429498520262	12.859521028555383	14.373252122297485	15.945586517158473	17.515487295381575	18.90168749459313	19.88472787180407	20.560261501950805	21.17291917640158	21.840170189966955	22.595642163940166	23.44765904792289	24.398236151453464	25.447866422901495	26.59667264637977	27.844686024673056	29.191914651586668	30.638360670320584	32.18402466020514	33.828906781098986	35.57300707803003	37.416325563944774	39.35886224264276	
14.418658253803914	12.89983216711445	11.458661290617442	10.095342159123561	8.809916762941727	7.60239387112495	6.472775274007916	5.421061328959522	4.447252105724303	3.5513476176105336	2.733347867101099	1.9932528546489205	1.3310625803347853	0.7467770441727782	0.24039624616530444	-0.1880798136872381	-0.5386511353847827	-0.8113177189273183	-1.0060795643148448	-1.1229366715473605	-1.1618890406248663	-1.1229366715473623	-1.0060795643148484	-0.8113177189273311	-0.5386511353848422	-0.18807981368759777	0.24039624616303293	0.7467770441585483	1.3310625802472944	1.9932528541221461	2.7333478639960207	3.55134759969322	4.447252004514925	5.421060769311391	6.472772244617362	7.6023778187418936	8.809833498764059	10.094919428987767	11.456561773511876	12.889657785362584	14.37110992239343	15.809879681309715	16.975441161054526	17.708465735539622	18.20970706861294	18.700385297157165	19.262508598843954	19.91726739814545	20.669684611495544	21.52094450064541	22.471330376993336	23.520911334997965	24.669704572069666	25.91771445771272	27.264942125293032	28.71138787491637	30.25705178770432	31.90193388604131	33.646034176232405	35.48935266009048	37.431889338147556	
14.535862861666647	13.016762215030617	11.575533371480647	10.212202272956903	8.926774460682692	7.719251091801144	6.5896324025580535	5.5379184401103725	4.564109213661299	3.66820472496694	2.850204974354926	2.1101099618850214	1.4479196875678904	0.8636341514053882	0.3572533533978343	-0.07122270645472102	-0.42179402815226746	-0.6944606116948036	-0.8892224570823299	-1.0060795643148457	-1.0450319333923517	-1.0060795643148484	-0.8892224570823403	-0.6944606116948647	-0.42179402815265193	-0.07122270645721127	0.3572533533818861	0.8636341513052087	1.447919686951655	2.1101099581741227	2.8502049524792676	3.6682045987296314	4.564108500548643	5.537914496701968	6.589611056089879	7.719137980008547	8.926187849212173	10.209227041122093	11.56083048395374	12.947168128979877	14.240733195033698	15.177014275000172	15.690619362997584	16.04452450306488	16.422755195397873	16.882361357969575	17.437086877893417	18.090081930723038	18.84207166041919	19.693225845526605	20.643585034020965	21.69315911073615	22.84195053572489	24.08995993401892	25.437187467738436	26.88363317981139	28.429297081841657	30.074179177031173	31.81827946628181	33.66159794985291	35.60413462782056	
14.730670723182392	13.21153371774188	11.770297199307132	10.406964516401674	9.121536384250147	7.914012952207957	6.7843942507679085	5.732680286016661	4.758871059142091	3.862966570370866	3.0449668197452713	2.3048718072730203	1.6426815329554927	1.0583959967929248	0.5520151987853603	0.12353913893280337	-0.2270321827647434	-0.4996987663072794	-0.6944606116948058	-0.8113177189273219	-0.8502700880048285	-0.8113177189273311	-0.6944606116948647	-0.49969876630767085	-0.2270321827673406	0.1235391389158013	0.552015198676251	1.058395996107299	1.6426815287377563	2.304871781873918	3.0449666700176876	3.8629657063406073	4.75886617825139	5.732653295638203	6.784248153704019	7.913239012364854	9.117528175279077	10.386775320363853	11.67373513468874	12.810538713712806	13.521758780991233	13.846376935062956	14.070525535623995	14.34168461442183	14.700172205051114	15.155219495000708	15.708883322773206	16.36162657445083	17.113555350838688	17.964694468589226	18.915049853208227	19.964622949137702	21.11341411585272	22.36142344468565	23.708650959326196	25.155096666047154	26.700760566544147	28.345642661285055	30.08974295040165	31.93306143393185	33.87559811188675	
15.003343265523412	13.484201551821272	12.04296403955663	10.679631151488785	9.394202977916228	8.186679537695344	7.057060834675908	6.005346869626372	5.031537642696704	4.135633153915525	3.3176334032881716	2.5775383908156164	1.9153481164980377	1.3310625803354614	0.8246817823278957	0.3962057224753384	0.0456344007777915	-0.22703218276474446	-0.4217940281522709	-0.5386511353847875	-0.5776035044623	-0.5386511353848422	-0.42179402815265193	-0.2270321827673406	0.04563440076042496	0.39620572236147883	0.8246817815969973	1.3310625757423662	1.9153480882426608	2.5775382206621154	3.3176324002341246	4.135627365620964	5.031504945102717	6.005166069663563	7.056082508837448	8.181506160067624	9.367652901881408	10.55156696003832	11.524675736445115	12.024474591007895	12.185415457310622	12.290863133890126	12.458023329547716	12.716163028496474	13.071723593886642	13.526104377043623	14.07961348477813	14.732320069160997	15.48423997111544	16.335376895245375	17.285731726073205	18.33530467921436	19.48409580832846	20.732105127048857	22.079332638911783	23.52577834485357	25.071442245127336	26.716324339802938	28.460424628900018	30.303743112424264	32.24627979037731	
15.353915341907879	13.83477303189996	12.393535393766227	11.030202479714474	9.744774300895925	8.537250859639206	7.407632156419739	6.3559181913324245	5.382108964395779	4.48620447561334	3.668204724985763	2.92810971251317	2.2659194381955845	1.681633902033007	1.175253104025441	0.7467770441728839	0.3962057224753369	0.12353913893280098	-0.07122270645472618	-0.18807981368724805	-0.22703218276479667	-0.18807981368759777	-0.07122270645721127	0.1235391389158013	0.39620572236147883	0.7467770434262417	1.1752530992323238	1.6816338719119635	2.26591925289953	2.928108596662925	3.668198147069002	4.4861665171264375	5.381894556095942	6.35473311727253	7.40123376060788	8.503802119982296	9.582277225003036	10.390466432920066	10.697221092505277	10.713621635131553	10.707263066038696	10.772218847443137	10.930448219516512	11.186628738866151	11.541752864150101	11.996034471444025	12.549520567775186	13.202221699256327	13.954140281502081	14.805276879422822	15.755631627897541	16.805204559804956	17.953995683327502	19.202005000544087	20.54923251199396	21.995678217819876	23.54134211806045	25.186224212726337	26.930324501820515	28.773642985343876	30.716179663296643	
