<?xml version='1.0' encoding='UTF-8' standalone='no'?>
<!-- Created by JSBMLexample version 1.0 on 2016-20-02 at 17:20:39 SGT with JSBML version 1.0-rc1. -->
<sbml xmlns="http://www.sbml.org/sbml/level2/version3" level="2" version="3">
  <model metaid="_854fb07b-a1e7-4c2e-bb42-643327f3ceb5" id="NetLand_SBML_model">
    <annotation>
	<rdf:RDF xmlns:rdf="http://www.w3.org/1999/02/22-rdf-syntax-ns#" xmlns:dc="http://purl.org/dc/elements/1.1/" xmlns:vCard="http://www.w3.org/2001/vcard-rdf/3.0#">
	<rdf:Description rdf:about="#_854fb07b-a1e7-4c2e-bb42-643327f3ceb5">
	<dc:creator>
	<rdf:Bag>
	<rdf:li rdf:parseType="Resource">
	<vCard:N rdf:parseType="Resource">
	<vCard:Family>NTU</vCard:Family>
	<vCard:Given>SCSE</vCard:Given>
	</vCard:N>
	<vCard:EMAIL>guojing.srtp@gmail.com</vCard:EMAIL>
	<vCard:ORG rdf:parseType="Resource">
	<vCard:Orgname>NetLand</vCard:Orgname>
	</vCard:ORG>
	</rdf:li>
	</rdf:Bag>
	</dc:creator>
	</rdf:Description>
	</rdf:RDF>
	</annotation>
      <listOfCompartments>
      <compartment size="1" id="cell"/>
    </listOfCompartments>
    <listOfSpecies>
      <species boundaryCondition="false" hasOnlySubstanceUnits="true" initialAmount="0" compartment="cell" name="OCT4_Gene" id="OCT4_Gene"/>
      <species boundaryCondition="false" hasOnlySubstanceUnits="true" initialAmount="0" compartment="cell" name="NANOG_Gene" id="NANOG_Gene"/>
      <species boundaryCondition="false" hasOnlySubstanceUnits="true" initialAmount="0" compartment="cell" name="SOX2_Gene" id="SOX2_Gene"/>
      <species boundaryCondition="false" hasOnlySubstanceUnits="true" initialAmount="0" compartment="cell" name="GATA6_Gene" id="GATA6_Gene"/>
      <species boundaryCondition="false" hasOnlySubstanceUnits="true" initialAmount="0" compartment="cell" name="CDX2_Gene" id="CDX2_Gene"/>
      <species boundaryCondition="false" hasOnlySubstanceUnits="true" initialAmount="0" compartment="cell" name="GCNF_Gene" id="GCNF_Gene"/>
      <species boundaryCondition="false" hasOnlySubstanceUnits="true" initialAmount="0.01" compartment="cell" name="targetGene" id="targetGene"/>
      <species boundaryCondition="false" hasOnlySubstanceUnits="true" initialAmount="0" compartment="cell" name="degradation" id="degradation"/>
      <species boundaryCondition="false" hasOnlySubstanceUnits="true" initialAmount="0" compartment="cell" name="p53" id="p53"/>
      <species boundaryCondition="false" hasOnlySubstanceUnits="true" initialAmount="25" compartment="cell" name="A" id="A"/>
      <species boundaryCondition="false" hasOnlySubstanceUnits="true" initialAmount="0" compartment="cell" name="SG" id="SG"/>
      <species boundaryCondition="false" hasOnlySubstanceUnits="true" initialAmount="0" compartment="cell" name="SN" id="SN"/>
      <species boundaryCondition="false" hasOnlySubstanceUnits="true" initialAmount="0.01" compartment="cell" name="OCT4" id="OCT4"/>
      <species boundaryCondition="false" hasOnlySubstanceUnits="true" initialAmount="0.01" compartment="cell" name="SOX2" id="SOX2"/>
      <species boundaryCondition="false" hasOnlySubstanceUnits="true" initialAmount="0.01" compartment="cell" name="NANOG" id="NANOG"/>
      <species boundaryCondition="false" hasOnlySubstanceUnits="true" initialAmount="0.01" compartment="cell" name="GATA6" id="GATA6"/>
      <species boundaryCondition="false" hasOnlySubstanceUnits="true" initialAmount="0.01" compartment="cell" name="CDX2" id="CDX2"/>
      <species boundaryCondition="false" hasOnlySubstanceUnits="true" initialAmount="0.01" compartment="cell" name="GCNF" id="GCNF"/>
      <species boundaryCondition="false" hasOnlySubstanceUnits="true" initialAmount="0.1" compartment="cell" name="OCT4_SOX2" id="OCT4_SOX2"/>
      <species boundaryCondition="false" hasOnlySubstanceUnits="true" initialAmount="0" compartment="cell" name="Protein" id="Protein"/>
    </listOfSpecies>
    <listOfParameters>
      <parameter name="a0" id="a0" value="0.001"/>
      <parameter name="a1" id="a1" value="1"/>
      <parameter name="a2" id="a2" value="0.005"/>
      <parameter name="a3" id="a3" value="0.025"/>
      <parameter name="b0" id="b0" value="1"/>
      <parameter name="b1" id="b1" value="0.001"/>
      <parameter name="b2" id="b2" value="0.005"/>
      <parameter name="b3" id="b3" value="0.025"/>
      <parameter name="b4" id="b4" value="10"/>
      <parameter name="b5" id="b5" value="10"/>
      <parameter name="gamma1" id="gamma1" value="0.1"/>
      <parameter name="c0" id="c0" value="0.001"/>
      <parameter name="c1" id="c1" value="0.005"/>
      <parameter name="c2" id="c2" value="0.025"/>
      <parameter name="d0" id="d0" value="0.001"/>
      <parameter name="d1" id="d1" value="0.005"/>
      <parameter name="d2" id="d2" value="0.025"/>
      <parameter name="d3" id="d3" value="0.05"/>
      <parameter name="gamma2" id="gamma2" value="0.1"/>
      <parameter name="e0" id="e0" value="0.001"/>
      <parameter name="e1" id="e1" value="0.1"/>
      <parameter name="e2" id="e2" value="0.1"/>
      <parameter name="e3" id="e3" value="1"/>
      <parameter name="f0" id="f0" value="0.001"/>
      <parameter name="f1" id="f1" value="0.1"/>
      <parameter name="f2" id="f2" value="0.1"/>
      <parameter name="f3" id="f3" value="10"/>
      <parameter name="f4" id="f4" value="1"/>
      <parameter name="gamma3" id="gamma3" value="0.1"/>
      <parameter name="g0" id="g0" value="0.001"/>
      <parameter name="g1" id="g1" value="2"/>
      <parameter name="h0" id="h0" value="2"/>
      <parameter name="h1" id="h1" value="5"/>
      <parameter name="gamma4" id="gamma4" value="0.1"/>
      <parameter name="i0" id="i0" value="0.001"/>
      <parameter name="i1" id="i1" value="0.1"/>
      <parameter name="i2" id="i2" value="0.1"/>
      <parameter name="j0" id="j0" value="0.1"/>
      <parameter name="j1" id="j1" value="0.1"/>
      <parameter name="gamma5" id="gamma5" value="0.1"/>
      <parameter name="p0" id="p0" value="0.1"/>
      <parameter name="p1" id="p1" value="1"/>
      <parameter name="p2" id="p2" value="0.00025"/>
      <parameter name="q0" id="q0" value="1"/>
      <parameter name="q1" id="q1" value="0.00025"/>
      <parameter name="q2" id="q2" value="15"/>
      <parameter name="q3" id="q3" value="10"/>
      <parameter name="gammag" id="gammag" value="0.1"/>
      <parameter name="gamman" id="gamman" value="0.01"/>
    </listOfParameters>
    <listOfReactions>
      <reaction name="(a0+a1*A+a2*OCT4*SOX2+a3*OCT4*SOX2*NANOG)/(1+b0*A+b1*OCT4+b2*OCT4*SOX2+b3*OCT4*SOX2*NANOG+b4*CDX2*OCT4+b5*GCNF)-gamma1*OCT4" id="R_OCT4">
        <listOfProducts>
          <speciesReference species="OCT4"/>
        </listOfProducts>
        <listOfModifiers>
          <modifierSpeciesReference species="A"/>
          <modifierSpeciesReference species="SOX2"/>
          <modifierSpeciesReference species="NANOG"/>
          <modifierSpeciesReference species="CDX2"/>
          <modifierSpeciesReference species="GCNF"/>
          <modifierSpeciesReference species="OCT4_Gene"/>
        </listOfModifiers>
        <kineticLaw>
          <math xmlns="http://www.w3.org/1998/Math/MathML">          
            <apply>
              <minus/>
              <apply>
                <divide/>
                <apply>
                  <plus/>
                  <apply>
                    <plus/>
                    <apply>
                      <plus/>
                      <ci> a0 </ci>
                      <apply>
                        <times/>
                        <ci> a1 </ci>
                        <ci> A </ci>
                      </apply>
                    </apply>
                    <apply>
                      <times/>
                      <apply>
                        <times/>
                        <ci> a2 </ci>
                        <ci> OCT4 </ci>
                      </apply>
                      <ci> SOX2 </ci>
                    </apply>
                  </apply>
                  <apply>
                    <times/>
                    <apply>
                      <times/>
                      <apply>
                        <times/>
                        <ci> a3 </ci>
                        <ci> OCT4 </ci>
                      </apply>
                      <ci> SOX2 </ci>
                    </apply>
                    <ci> NANOG </ci>
                  </apply>
                </apply>
                <apply>
                  <plus/>
                  <apply>
                    <plus/>
                    <apply>
                      <plus/>
                      <apply>
                        <plus/>
                        <apply>
                          <plus/>
                          <apply>
                            <plus/>
                            <cn type="integer"> 1 </cn>
                            <apply>
                              <times/>
                              <ci> b0 </ci>
                              <ci> A </ci>
                            </apply>
                          </apply>
                          <apply>
                            <times/>
                            <ci> b1 </ci>
                            <ci> OCT4 </ci>
                          </apply>
                        </apply>
                        <apply>
                          <times/>
                          <apply>
                            <times/>
                            <ci> b2 </ci>
                            <ci> OCT4 </ci>
                          </apply>
                          <ci> SOX2 </ci>
                        </apply>
                      </apply>
                      <apply>
                        <times/>
                        <apply>
                          <times/>
                          <apply>
                            <times/>
                            <ci> b3 </ci>
                            <ci> OCT4 </ci>
                          </apply>
                          <ci> SOX2 </ci>
                        </apply>
                        <ci> NANOG </ci>
                      </apply>
                    </apply>
                    <apply>
                      <times/>
                      <apply>
                        <times/>
                        <ci> b4 </ci>
                        <ci> CDX2 </ci>
                      </apply>
                      <ci> OCT4 </ci>
                    </apply>
                  </apply>
                  <apply>
                    <times/>
                    <ci> b5 </ci>
                    <ci> GCNF </ci>
                  </apply>
                </apply>
              </apply>
              <apply>
                <times/>
                <ci> gamma1 </ci>
                <ci> OCT4 </ci>
              </apply>
            </apply>
          </math>
                </kineticLaw>
      </reaction>
      <reaction name="(c0+c1*OCT4*SOX2+c2*OCT4*SOX2*NANOG)/(1+d0*OCT4+d1*OCT4*SOX2+d2*OCT4*SOX2*NANOG)-gamma2*SOX2" id="R_SOX2">
        <listOfProducts>
          <speciesReference species="SOX2"/>
        </listOfProducts>
        <listOfModifiers>
          <modifierSpeciesReference species="OCT4"/>
          <modifierSpeciesReference species="NANOG"/>
          <modifierSpeciesReference species="SOX2_Gene"/>
        </listOfModifiers>
        <kineticLaw>
          <math xmlns="http://www.w3.org/1998/Math/MathML">          
            <apply>
              <minus/>
              <apply>
                <divide/>
                <apply>
                  <plus/>
                  <apply>
                    <plus/>
                    <ci> c0 </ci>
                    <apply>
                      <times/>
                      <apply>
                        <times/>
                        <ci> c1 </ci>
                        <ci> OCT4 </ci>
                      </apply>
                      <ci> SOX2 </ci>
                    </apply>
                  </apply>
                  <apply>
                    <times/>
                    <apply>
                      <times/>
                      <apply>
                        <times/>
                        <ci> c2 </ci>
                        <ci> OCT4 </ci>
                      </apply>
                      <ci> SOX2 </ci>
                    </apply>
                    <ci> NANOG </ci>
                  </apply>
                </apply>
                <apply>
                  <plus/>
                  <apply>
                    <plus/>
                    <apply>
                      <plus/>
                      <cn type="integer"> 1 </cn>
                      <apply>
                        <times/>
                        <ci> d0 </ci>
                        <ci> OCT4 </ci>
                      </apply>
                    </apply>
                    <apply>
                      <times/>
                      <apply>
                        <times/>
                        <ci> d1 </ci>
                        <ci> OCT4 </ci>
                      </apply>
                      <ci> SOX2 </ci>
                    </apply>
                  </apply>
                  <apply>
                    <times/>
                    <apply>
                      <times/>
                      <apply>
                        <times/>
                        <ci> d2 </ci>
                        <ci> OCT4 </ci>
                      </apply>
                      <ci> SOX2 </ci>
                    </apply>
                    <ci> NANOG </ci>
                  </apply>
                </apply>
              </apply>
              <apply>
                <times/>
                <ci> gamma2 </ci>
                <ci> SOX2 </ci>
              </apply>
            </apply>
          </math>
                </kineticLaw>
      </reaction>
      <reaction name="(e0+e1*OCT4*SOX2+e2*OCT4*SOX2*NANOG+e3*SN)/(1+f0*OCT4+f1*OCT4*SOX2+f2*OCT4*SOX2*NANOG+f3*OCT4*GATA6+f4*SN)-gamma3*NANOG" id="R_NANOG">
        <listOfProducts>
          <speciesReference species="NANOG"/>
        </listOfProducts>
        <listOfModifiers>
          <modifierSpeciesReference species="OCT4"/>
          <modifierSpeciesReference species="SOX2"/>
          <modifierSpeciesReference species="GATA6"/>
          <modifierSpeciesReference species="SN"/>
          <modifierSpeciesReference species="NANOG_Gene"/>
        </listOfModifiers>
        <kineticLaw>
          <math xmlns="http://www.w3.org/1998/Math/MathML">          
            <apply>
              <minus/>
              <apply>
                <divide/>
                <apply>
                  <plus/>
                  <apply>
                    <plus/>
                    <apply>
                      <plus/>
                      <ci> e0 </ci>
                      <apply>
                        <times/>
                        <apply>
                          <times/>
                          <ci> e1 </ci>
                          <ci> OCT4 </ci>
                        </apply>
                        <ci> SOX2 </ci>
                      </apply>
                    </apply>
                    <apply>
                      <times/>
                      <apply>
                        <times/>
                        <apply>
                          <times/>
                          <ci> e2 </ci>
                          <ci> OCT4 </ci>
                        </apply>
                        <ci> SOX2 </ci>
                      </apply>
                      <ci> NANOG </ci>
                    </apply>
                  </apply>
                  <apply>
                    <times/>
                    <ci> e3 </ci>
                    <ci> SN </ci>
                  </apply>
                </apply>
                <apply>
                  <plus/>
                  <apply>
                    <plus/>
                    <apply>
                      <plus/>
                      <apply>
                        <plus/>
                        <apply>
                          <plus/>
                          <cn type="integer"> 1 </cn>
                          <apply>
                            <times/>
                            <ci> f0 </ci>
                            <ci> OCT4 </ci>
                          </apply>
                        </apply>
                        <apply>
                          <times/>
                          <apply>
                            <times/>
                            <ci> f1 </ci>
                            <ci> OCT4 </ci>
                          </apply>
                          <ci> SOX2 </ci>
                        </apply>
                      </apply>
                      <apply>
                        <times/>
                        <apply>
                          <times/>
                          <apply>
                            <times/>
                            <ci> f2 </ci>
                            <ci> OCT4 </ci>
                          </apply>
                          <ci> SOX2 </ci>
                        </apply>
                        <ci> NANOG </ci>
                      </apply>
                    </apply>
                    <apply>
                      <times/>
                      <apply>
                        <times/>
                        <ci> f3 </ci>
                        <ci> OCT4 </ci>
                      </apply>
                      <ci> GATA6 </ci>
                    </apply>
                  </apply>
                  <apply>
                    <times/>
                    <ci> f4 </ci>
                    <ci> SN </ci>
                  </apply>
                </apply>
              </apply>
              <apply>
                <times/>
                <ci> gamma3 </ci>
                <ci> NANOG </ci>
              </apply>
            </apply>
          </math>
                </kineticLaw>
      </reaction>
      <reaction name="(g0+g1*CDX2)/(1+h0*CDX2+h1*CDX2*OCT4)-gamma4*CDX2" id="R_CDX2">
        <listOfProducts>
          <speciesReference species="CDX2"/>
        </listOfProducts>
        <listOfModifiers>
          <modifierSpeciesReference species="OCT4"/>
          <modifierSpeciesReference species="CDX2_Gene"/>
        </listOfModifiers>
        <kineticLaw>
          <math xmlns="http://www.w3.org/1998/Math/MathML">          
            <apply>
              <minus/>
              <apply>
                <divide/>
                <apply>
                  <plus/>
                  <ci> g0 </ci>
                  <apply>
                    <times/>
                    <ci> g1 </ci>
                    <ci> CDX2 </ci>
                  </apply>
                </apply>
                <apply>
                  <plus/>
                  <apply>
                    <plus/>
                    <cn type="integer"> 1 </cn>
                    <apply>
                      <times/>
                      <ci> h0 </ci>
                      <ci> CDX2 </ci>
                    </apply>
                  </apply>
                  <apply>
                    <times/>
                    <apply>
                      <times/>
                      <ci> h1 </ci>
                      <ci> CDX2 </ci>
                    </apply>
                    <ci> OCT4 </ci>
                  </apply>
                </apply>
              </apply>
              <apply>
                <times/>
                <ci> gamma4 </ci>
                <ci> CDX2 </ci>
              </apply>
            </apply>
          </math>
                </kineticLaw>
      </reaction>
      <reaction name="(i0+i1*CDX2+i2*GATA6)/(1+j0*CDX2+j1*GATA6)-gamma5*GCNF" id="R_GCNF">
        <listOfProducts>
          <speciesReference species="GCNF"/>
        </listOfProducts>
        <listOfModifiers>
          <modifierSpeciesReference species="CDX2"/>
          <modifierSpeciesReference species="GATA6"/>
          <modifierSpeciesReference species="GCNF_Gene"/>
        </listOfModifiers>
        <kineticLaw>
          <math xmlns="http://www.w3.org/1998/Math/MathML">          
            <apply>
              <minus/>
              <apply>
                <divide/>
                <apply>
                  <plus/>
                  <apply>
                    <plus/>
                    <ci> i0 </ci>
                    <apply>
                      <times/>
                      <ci> i1 </ci>
                      <ci> CDX2 </ci>
                    </apply>
                  </apply>
                  <apply>
                    <times/>
                    <ci> i2 </ci>
                    <ci> GATA6 </ci>
                  </apply>
                </apply>
                <apply>
                  <plus/>
                  <apply>
                    <plus/>
                    <cn type="integer"> 1 </cn>
                    <apply>
                      <times/>
                      <ci> j0 </ci>
                      <ci> CDX2 </ci>
                    </apply>
                  </apply>
                  <apply>
                    <times/>
                    <ci> j1 </ci>
                    <ci> GATA6 </ci>
                  </apply>
                </apply>
              </apply>
              <apply>
                <times/>
                <ci> gamma5 </ci>
                <ci> GCNF </ci>
              </apply>
            </apply>
          </math>
                </kineticLaw>
      </reaction>
      <reaction name="(p0+p1*OCT4+p2*GATA6)/(1+q0*OCT4+q1*GATA6+q2*NANOG+q3*SG)-gammag*GATA6" id="R_GATA6">
        <listOfProducts>
          <speciesReference species="GATA6"/>
        </listOfProducts>
        <listOfModifiers>
          <modifierSpeciesReference species="OCT4"/>
          <modifierSpeciesReference species="NANOG"/>
          <modifierSpeciesReference species="SG"/>
          <modifierSpeciesReference species="GATA6_Gene"/>
        </listOfModifiers>
        <kineticLaw>
          <math xmlns="http://www.w3.org/1998/Math/MathML">          
            <apply>
              <minus/>
              <apply>
                <divide/>
                <apply>
                  <plus/>
                  <apply>
                    <plus/>
                    <ci> p0 </ci>
                    <apply>
                      <times/>
                      <ci> p1 </ci>
                      <ci> OCT4 </ci>
                    </apply>
                  </apply>
                  <apply>
                    <times/>
                    <ci> p2 </ci>
                    <ci> GATA6 </ci>
                  </apply>
                </apply>
                <apply>
                  <plus/>
                  <apply>
                    <plus/>
                    <apply>
                      <plus/>
                      <apply>
                        <plus/>
                        <cn type="integer"> 1 </cn>
                        <apply>
                          <times/>
                          <ci> q0 </ci>
                          <ci> OCT4 </ci>
                        </apply>
                      </apply>
                      <apply>
                        <times/>
                        <ci> q1 </ci>
                        <ci> GATA6 </ci>
                      </apply>
                    </apply>
                    <apply>
                      <times/>
                      <ci> q2 </ci>
                      <ci> NANOG </ci>
                    </apply>
                  </apply>
                  <apply>
                    <times/>
                    <ci> q3 </ci>
                    <ci> SG </ci>
                  </apply>
                </apply>
              </apply>
              <apply>
                <times/>
                <ci> gammag </ci>
                <ci> GATA6 </ci>
              </apply>
            </apply>
          </math>
                </kineticLaw>
      </reaction>
    </listOfReactions>
  </model>
</sbml>

Land	8.0	0.0	8.0	0.0
6	8.0	100	400	true	50
OCT4	SOX2	NANOG	CDX2	GCNF	GATA6	
0.0	0.16	0.32	0.48	0.64	0.8	0.96	1.12	1.28	1.44	1.6	1.76	1.92	2.08	2.24	2.4	2.56	2.72	2.88	3.04	3.2	3.36	3.52	3.68	3.84	4.0	4.16	4.32	4.48	4.64	4.8	4.96	5.12	5.28	5.44	5.6	5.76	5.92	6.08	6.24	6.4	6.56	6.72	6.88	7.04	7.2	7.36	7.52	7.68	7.84	8.0	
0.0	0.16	0.32	0.48	0.64	0.8	0.96	1.12	1.28	1.44	1.6	1.76	1.92	2.08	2.24	2.4	2.56	2.72	2.88	3.04	3.2	3.36	3.52	3.68	3.84	4.0	4.16	4.32	4.48	4.64	4.8	4.96	5.12	5.28	5.44	5.6	5.76	5.92	6.08	6.24	6.4	6.56	6.72	6.88	7.04	7.2	7.36	7.52	7.68	7.84	8.0	
4	96	
3.6137549580770547	7.053873988359118	3.330553172249448	0.9425451813194352	1.3638898541967843	0.6576177817563734	0.17	0.35	0.49	0.26	0.24	0.25	
2.4326192397002835	0.036270234631401194	0.0044476835627751225	1.3276160305319937	4.561133351923434	7.2313251274907175	0.19	0.28	0.25	0.26	0.24	0.25	
51	51
31.36342240863419	29.382269364676052	27.535853162823187	25.824173803075578	24.24723128543323	22.805025609896152	21.497556776464336	20.32482478513778	19.28682963591649	18.38357132880046	17.615049863789697	16.981265240884195	16.48221746008395	16.11790652138897	15.888332424799243	15.793495170314744	15.833394757935409	16.008031187661043	16.317404459491094	16.761514573424012	17.340361529455503	18.05394532757389	18.902265967747923	19.88532344989536	21.003117773803318	22.255648938929834	23.642916943917967	25.164921785426518	26.821663455364924	28.613141934467862	30.539357177624996	32.60030908097293	34.79599740937737	37.1264216394594	39.59158062586033	42.19147190442868	44.92609026362609	47.79542486909157	50.79945358299088	53.938131952664186	57.21137227984722	60.61900464406028	64.1607059258382	67.83587383808577	71.64341041863858	75.58136606270604	79.64639316869831	83.83300323538873	88.13278748904888	92.53413415126775	97.02344404217683	
29.382269364676052	27.401116320717918	25.55470011886505	23.84302075911744	22.266078241475096	20.823872565938018	19.516403732506202	18.343671741179644	17.305676591958353	16.402418284842327	15.633896819831559	15.000112196926056	14.50106441612581	14.136753477430814	13.90717938084104	13.812342126356398	13.852241713976637	14.026878143701014	14.33625141552741	14.780361529449872	15.359208485451928	16.072792283488763	16.92111292344048	17.90417040499149	19.021964727324928	20.274495888361198	21.66176388289349	23.18376869810107	24.840510302939098	26.631988623483423	28.558203486638313	30.61915449386359	32.814840742914974	35.14526022552609	37.610408546893865	40.21027625228693	42.94484334713315	45.81406827177752	48.81786613990525	51.956066637569144	55.2283343228214	58.63402147064933	62.17190477278178	65.8397345681531	69.63351541503924	73.54649520692051	77.56809540986167	81.68362335958064	85.87634348211776	90.13296936487616	94.45032018722637	
27.535853162823187	25.55470011886505	23.708283917012185	21.996604557264575	20.419662039622228	18.97745636408515	17.669987530653334	16.497255539326776	15.459260390105486	14.556002082989458	13.78748061797869	13.15369599507318	12.654648214272918	12.290337275577865	12.060763178987916	11.965925924502743	12.005825512121383	12.180461941841038	12.489835213653707	12.933945327536902	13.512792283428409	14.226376081158982	15.07469672027576	16.05775419958687	17.17554851600713	18.428079661682265	19.815347616947097	21.337352333380043	22.99409369373036	24.785571418800203	26.711784854840257	28.772732496648473	30.968410936678627	33.29881259042751	35.763920861325815	38.363700049423805	41.09807468082805	43.96688798463677	46.96982021285078	50.10623176724101	53.37487079143309	56.7733506147682	60.29727697880553	63.93896095134285	67.68598280485533	71.52074756605911	75.42330101639827	79.3788323398947	83.386091615438	87.45887192403795	91.61889141127388	
25.824173803075578	23.84302075911744	21.996604557264575	20.284925197516966	18.70798267987462	17.26577700433754	15.958308170905724	14.785576179579168	13.747581030357876	12.844322723241845	12.07580125823107	11.442016635325542	10.942968854525212	10.578657915829952	10.349083819239357	10.254246564752215	10.294146152364949	10.468782582067151	10.77815585382909	11.222265967567147	11.80111292305006	12.514696719648676	13.363017355679506	14.346074826711849	15.463869121276797	16.71640021017664	18.103668020307605	19.62567237166625	21.282412828382636	23.073888352565252	25.000096513981465	27.061031717330707	29.256681296259856	31.587017060877937	34.05197733960287	36.65142954241393	39.38509367719453	42.25238959478189	45.25214027694065	48.382017355995465	51.63756695076444	55.01068163554063	58.48773257841119	62.04868017523291	65.67016568921827	69.33483453745033	73.04199868148635	76.8089179299283	80.66113830288158	84.62205513420874	88.70851074937632	
24.24723128543323	22.266078241475096	20.419662039622228	18.70798267987462	17.131040162232274	15.688834486695194	14.381365653263378	13.20863366193682	12.170638512715527	11.26738020559949	10.498858740588693	9.865074117683088	9.366026336882518	9.001715398186501	8.772141301593559	8.677304047099259	8.717203634690502	8.891840064329227	9.201213335906624	9.645323449116754	10.224170403113428	10.937754195594614	11.786074820400463	12.769132261319216	13.886926476386575	15.139457358769238	16.526724640983506	18.04872766440543	19.705464834215174	21.49693235287859	23.42312132868186	25.484011290954964	27.679555906540017	30.00965209524548	32.47407453426594	35.07233969910486	37.803430734613876	40.66525950741351	43.653669723011	46.7607603567702	49.97259186368467	53.2675275165419	56.618781278038774	60.004899001625446	63.423402174389	66.89346745621195	70.44424923044659	74.10202607221684	77.88514960833365	81.8047968617779	85.86731525552013	
22.805025609896152	20.823872565938018	18.97745636408515	17.26577700433754	15.688834486695194	14.246628811158118	12.939159977726298	11.766427986399739	10.728432837178438	9.825174530062377	9.056653065051496	8.422868442145623	7.923820661344192	7.559509722645465	7.329935626044122	7.235098371524197	7.274997959038516	7.449634388449998	7.759007659366787	8.20311777068705	8.781964719363318	9.495548497105002	10.343869081727895	11.32692641484664	12.444720345330255	13.697250488427674	15.084515880821606	16.60651415055572	18.263239554170124	20.054678416081934	21.98079871887334	24.041526769055277	26.23669586323872	28.565935610169653	31.028438779741208	33.62248464908126	36.34450732112025	39.18741247977751	42.13798869109425	45.17430499988786	48.266742528946985	51.388240272537615	54.53128743558816	57.714542256484904	60.97045128836777	64.32905004523941	67.81116495402152	71.42920567979854	75.19002614402011	79.09728576124971	83.15291654452228	
21.497556776464336	19.516403732506202	17.669987530653334	15.958308170905724	14.381365653263378	12.939159977726298	11.631691144294479	10.458959152967912	9.420964003746585	8.517705696630435	7.749184231619263	7.115399608712442	6.61635182790798	6.252040889199704	6.022466792568765	5.92762953795856	5.967529125201874	6.142165553812781	6.451538822402236	6.895648927064478	7.474495856996892	8.188079582811145	9.036400025869055	10.019456979207336	11.137249907100575	12.389777445697298	13.777036180296909	15.299017703147973	16.9557016568935	18.747039576232904	20.672918033567893	22.73307617572262	24.92692509026124	27.253162289771268	29.708978623997705	32.28852382230368	34.9802733470392	37.76362515756682	40.60771756136565	43.479371722501256	46.36237995683517	49.27098305815394	52.23981244099948	55.30366031019434	58.48715616425343	61.804870803757204	65.26469086321764	68.87071991892651	72.6250648004908	76.52880724230262	80.58250648577472	
20.32482478513778	18.343671741179644	16.497255539326776	14.785576179579168	13.20863366193682	11.766427986399739	10.458959152967912	9.286227161641317	8.2482320124199	7.344973705303444	6.576452240291262	5.942667617381158	5.443619836566185	5.079308897824804	4.84973480109125	4.754897546168033	4.794797132471736	4.969433558306945	5.278806818827232	5.722916900405249	6.301763765350287	7.015347311125426	7.863667263359434	8.846722899951828	9.964512351750844	11.217030860321856	12.604266512259086	14.126189976476542	15.782730249156778	17.573718374244972	19.49875941031161	21.55694773981571	23.74625276191618	26.06225384098877	28.495750582634006	31.029022381031172	33.63247076312916	36.268288206588004	38.908791053844574	41.55818735539062	44.25026238123526	47.02515389627115	49.913008116916814	52.931881068720365	56.09144348734892	59.39662199688245	62.84988168649758	66.45245376472741	70.20495700402724	74.10770556496398	78.16086089883909	
19.28682963591649	17.305676591958353	15.459260390105486	13.747581030357876	12.170638512715527	10.728432837178438	9.420964003746585	8.2482320124199	7.210236863198172	6.306978556080672	5.5384570910650455	4.904672468143735	4.4056246872928995	4.041313748438558	3.8117396513548707	3.716902395363622	3.7568019784612536	3.931438394825443	4.2408116278127475	4.684921630624587	5.263768273824857	5.977351205285137	6.825669482772137	7.808720626495633	8.92649821763826	10.178985916032541	11.566142816197228	13.087868235578487	14.743918613202236	16.533715375782844	18.455911682780595	20.507449580871793	22.68162920161234	24.96461334423949	27.33075543232048	29.741368970114145	32.15751546941783	34.56716252706099	36.99696498481322	39.4913397985048	42.08784659218124	44.809934254151145	47.67020770893753	50.67499569839131	53.827393561547396	57.12890710473047	60.58027236251556	64.18185259369439	67.93382924254014	71.83629413548702	75.88929438303654	
18.38357132880046	16.402418284842327	14.556002082989458	12.844322723241845	11.26738020559949	9.825174530062377	8.517705696630435	7.344973705303444	6.306978556080672	5.403720248959672	4.635198783932476	4.001414160973538	3.5023663800022726	3.1380554407686154	2.908481342509189	2.8136440829315164	2.8535436552632554	3.028180039824024	3.3375531803563496	3.781662918673656	4.360508817261919	5.074089685875851	5.922402339653007	6.905438396768575	8.023176162423118	9.275560416605412	10.662452973238606	12.183514022496947	13.837923434021997	15.623744113458994	17.536528728622653	19.56650493568549	21.69381153681117	23.883684851496113	26.09067280133091	28.28314168563762	30.470934955782116	32.69774789140182	35.00969254263709	37.43821345438492	40.00066521434413	42.70572644922038	45.55756563434213	48.558161845198455	51.70845666466745	55.00890192030954	58.459716955617175	62.061009648731996	65.81283378757516	69.71521656811532	73.76817193605162	
17.615049863789697	15.633896819831559	13.78748061797869	12.07580125823107	10.498858740588693	9.056653065051496	7.749184231619263	6.576452240291262	5.5384570910650455	4.635198783932476	3.866677318867044	3.2328926957837587	2.7338449144145143	2.3695339739273455	2.139959871782492	2.04512260035288	2.085022137106921	2.2596584165679654	2.569031251567431	3.0131401158192084	3.591983553720422	4.305557605376564	5.15385167514312	6.1368378795471035	7.254444060025731	8.506486635297398	9.892506748759049	11.411379471200586	13.06041042699745	14.833353733386438	16.71649766997718	18.682671675915174	20.68788705988583	22.684720336102192	24.656878186281748	26.63603517519266	28.67464844299394	30.815036155180486	33.08211827836944	35.48853233747788	38.04028720051542	40.74017656291497	43.58949592972191	46.58885002904258	49.73852420968325	53.03865484482144	56.48930800420963	60.0905161492282	63.84229545658202	67.7446541032118	71.79759628152638	
16.981265240884195	15.000112196926056	13.15369599507318	11.442016635325542	9.865074117683088	8.422868442145623	7.115399608712442	5.942667617381158	4.904672468143735	4.001414160973538	3.2328926957837587	2.5991080722960707	2.1000602896325202	1.7357493450686885	1.5061752302876683	1.4113379203132415	1.4512373413616877	1.6258732790180923	1.9352451203664365	2.3793511419975744	2.9581865773521074	3.6717384596117317	4.519972095668043	5.502796206640468	6.619974709889532	7.87090787847802	9.254102516417339	10.765933843939935	12.39793031176534	14.131583474593086	15.931471206585726	17.74567455328756	19.530987412791013	21.29127555409473	23.075252234964218	24.937081293924404	26.91316503199069	29.022834824193183	31.275322044970558	33.674855694845824	36.223352084469106	38.921682214902724	41.770245691252384	44.769228094129794	47.91871677590873	51.21875343318772	54.669358254829504	58.27054115699174	62.02230708048675	65.92465852257365	69.97759676356972	
16.48221746008395	14.50106441612581	12.654648214272918	10.942968854525212	9.366026336882518	7.923820661344192	6.61635182790798	5.443619836566185	4.4056246872928995	3.5023663800022726	2.7338449144145143	2.1000602896325202	1.601012502826492	1.2367015452151326	1.0071273899915518	0.912289956652902	0.9521890073810815	1.1268238510794577	1.4361925122206174	1.8802894360411209	2.459099259819137	3.172580195011467	4.020620463113838	5.002926170763762	6.118738578134552	7.366139441611106	8.740411326810587	10.230453119379744	11.812213315068146	13.441618627515979	15.06139202391842	16.63842412421104	18.197435507973534	19.797774342829438	21.49098634567605	23.307466655380125	25.262192472069483	27.362004202055534	29.609945503022484	32.00736603929883	34.55486829293738	37.252724206274195	40.101058136603854	43.099927747009886	46.24936015900461	49.54936831394782	52.999958476701565	56.60113372409108	60.3528955890985	64.25524484652732	68.30818189360554	
16.11790652138897	14.136753477430814	12.290337275577865	10.578657915829952	9.001715398186501	7.559509722645465	6.252040889199704	5.079308897824804	4.041313748438558	3.1380554407686154	2.3695339739273455	1.7357493450686885	1.2367015452151326	0.8723905465080929	0.6428162639029508	0.5479784420052777	0.5878763263407195	0.7625077244247527	1.0718663690295993	1.5159346386700783	2.0946638028358384	2.8079213462044614	3.6553530881111405	4.6360297920149796	5.747566139766621	6.984021138877462	8.331331473342	9.759364103617502	11.215611817296216	12.640723271701054	14.01583739783521	15.38407400644549	16.8097953232544	18.340017801463937	19.999917261056186	21.80122444315795	23.749114625386877	25.845835550310486	28.092364980159218	30.489132082932706	33.036327546676986	35.73403725736683	38.58230045049661	41.581135310410076	44.73055038803408	48.03054976308468	51.481135410425	55.082308299930396	58.8340689148197	62.73641749932062	66.78935417864389	
15.888332424799243	13.90717938084104	12.060763178987916	10.349083819239357	8.772141301593559	7.329935626044122	6.022466792568765	4.84973480109125	3.8117396513548707	2.908481342509189	2.139959871782492	1.5061752302876683	1.0071273899915518	0.6428162639029508	0.4132415864617521	0.3184025601750855	0.35829682913676736	0.532917547228102	0.8422451455311482	1.2862246084440516	1.8647038435713432	2.577269623914313	3.4228201875880186	4.398483986247411	5.497018199379827	6.701183308805862	7.974502123141048	9.256778656313326	10.489814995849153	11.670867098818224	12.857546621046565	14.11535404405142	15.486408165905978	16.991678923333865	18.64052357736344	20.436955288780517	22.382680712844227	24.478429193250783	26.724515725764803	29.121078127386916	31.668177543620114	34.365841495877234	37.2140825528657	40.21290653888894	43.362316192543794	46.66231282039051	50.112897054882914	53.71406920662273	57.46582943035968	61.36817780430689	65.42111436856267	
15.793495170314744	13.812342126356398	11.965925924502743	10.254246564752215	8.677304047099259	7.235098371524197	5.92762953795856	4.754897546168033	3.716902395363622	2.8136440829315164	2.04512260035288	1.4113379203132415	0.912289956652902	0.5479784420052777	0.3184025601750855	0.22355986008982223	0.2634431010319232	0.43803124275169425	0.74726415087682	1.190972821973852	1.76869048917007	2.4791523820701937	3.319011230693008	4.279715489562617	5.340792901842437	6.459459780657237	7.568883753797689	8.614526254002863	9.609606862819637	10.622289347439494	11.717047279584454	12.9315264295075	14.283444126001404	15.780436319907496	17.42569998023224	19.220568935420758	21.16560369730328	23.261042562264063	25.506988212722757	27.903485528350327	30.450554411736302	33.14820381905962	35.99643784009237	38.995258369933026	42.14466629963942	45.44466205432254	48.89524583976055	52.49641775701199	56.24817785642678	60.15052616345254	64.2034626911358	
