<?xml version='1.0' encoding='UTF-8' standalone='no'?>
<!-- Created by JSBMLexample version 1.0 on 2015-16-21 at 15:16:14 SGT with JSBML version 1.0-rc1. -->
<sbml xmlns="http://www.sbml.org/sbml/level2/version3" level="2" version="3">
  <model metaid="f668783c-72d2-48fa-8793-09523801e47e" id="NetLand_NetLand_seesaw">
    <annotation>
	<rdf:RDF xmlns:rdf="http://www.w3.org/1999/02/22-rdf-syntax-ns#" xmlns:dc="http://purl.org/dc/elements/1.1/" xmlns:vCard="http://www.w3.org/2001/vcard-rdf/3.0#">
	<rdf:Description rdf:about="#f668783c-72d2-48fa-8793-09523801e47e">
	<dc:creator>
	<rdf:Bag>
	<rdf:li rdf:parseType="Resource">
	<vCard:N rdf:parseType="Resource">
	<vCard:Family>G</vCard:Family>
	<vCard:Given>J</vCard:Given>
	</vCard:N>
	<vCard:EMAIL>guojing.srtp@gmail.com</vCard:EMAIL>
	<vCard:ORG rdf:parseType="Resource">
	<vCard:Orgname>NetLand</vCard:Orgname>
	</vCard:ORG>
	</rdf:li>
	</rdf:Bag>
	</dc:creator>
	</rdf:Description>
	</rdf:RDF>
	</annotation>
      <listOfCompartments>
      <compartment name="cytosol" id="cytosol" size="1"/>
      <compartment name="compartment" id="compartment" size="1"/>
    </listOfCompartments>
    <listOfSpecies>
      <species boundaryCondition="false" hasOnlySubstanceUnits="true" initialAmount="1" compartment="cytosol" name="Oct4" id="Oct4"/>
      <species boundaryCondition="false" hasOnlySubstanceUnits="true" initialAmount="1" compartment="cytosol" name="Sox2" id="Sox2"/>
      <species boundaryCondition="false" hasOnlySubstanceUnits="true" initialAmount="0" compartment="cytosol" name="MEs" id="MEs"/>
      <species boundaryCondition="false" hasOnlySubstanceUnits="true" initialAmount="0" compartment="cytosol" name="ECTs" id="ECTs"/>
    </listOfSpecies>
    <listOfParameters>
	    <parameter id="KM" value="0.4" constant="true" />
    </listOfParameters>
    <listOfReactions>
      <reaction name="0.2*(0+1*0.7^8/(0.7^8+MEs^8)*0.7^8/(0.7^8+ECTs^8)*(KM+Oct4*Sox2/(0.35+Oct4*Sox2)))-0.2*Oct4" id="Oct4_synthesis">
        <listOfModifiers>
          <modifierSpeciesReference species="MEs"/>
          <modifierSpeciesReference species="ECTs"/>
          <modifierSpeciesReference species="Oct4"/>
          <modifierSpeciesReference species="Sox2"/>
        </listOfModifiers>
        <listOfProducts>
          <speciesReference species="Oct4"/>
        </listOfProducts>
        <kineticLaw>
          <math xmlns="http://www.w3.org/1998/Math/MathML">          
            <apply>
              <minus/>
              <apply>
                <times/>
                <cn> 0.2 </cn>
                <apply>
                  <plus/>
                  <cn type="integer"> 0 </cn>
                  <apply>
                    <times/>
                    <apply>
                      <divide/>
                      <apply>
                        <times/>
                        <apply>
                          <divide/>
                          <apply>
                            <times/>
                            <cn type="integer"> 1 </cn>
                            <apply>
                              <power/>
                              <cn> 0.7 </cn>
                              <cn type="integer"> 8 </cn>
                            </apply>
                          </apply>
                          <apply>
                            <plus/>
                            <apply>
                              <power/>
                              <cn> 0.7 </cn>
                              <cn type="integer"> 8 </cn>
                            </apply>
                            <apply>
                              <power/>
                              <ci> MEs </ci>
                              <cn type="integer"> 8 </cn>
                            </apply>
                          </apply>
                        </apply>
                        <apply>
                          <power/>
                          <cn> 0.7 </cn>
                          <cn type="integer"> 8 </cn>
                        </apply>
                      </apply>
                      <apply>
                        <plus/>
                        <apply>
                          <power/>
                          <cn> 0.7 </cn>
                          <cn type="integer"> 8 </cn>
                        </apply>
                        <apply>
                          <power/>
                          <ci> ECTs </ci>
                          <cn type="integer"> 8 </cn>
                        </apply>
                      </apply>
                    </apply>
                    <apply>
                      <plus/>
                      <ci> KM </ci>
                      <apply>
                        <divide/>
                        <apply>
                          <times/>
                          <ci> Oct4 </ci>
                          <ci> Sox2 </ci>
                        </apply>
                        <apply>
                          <plus/>
                          <cn> 0.35 </cn>
                          <apply>
                            <times/>
                            <ci> Oct4 </ci>
                            <ci> Sox2 </ci>
                          </apply>
                        </apply>
                      </apply>
                    </apply>
                  </apply>
                </apply>
              </apply>
              <apply>
                <times/>
                <cn> 0.2 </cn>
                <ci> Oct4 </ci>
              </apply>
            </apply>
          </math>
                </kineticLaw>
      </reaction>
      <reaction name="0.2*(0+1*0.7^8/(0.7^8+MEs^8)*0.7^8/(0.7^8+ECTs^8)*(KM+Oct4*Sox2/(0.35+Oct4*Sox2)))-0.2*Sox2" id="Sox2_synthesis">
        <listOfModifiers>
          <modifierSpeciesReference species="MEs"/>
          <modifierSpeciesReference species="ECTs"/>
          <modifierSpeciesReference species="Oct4"/>
          <modifierSpeciesReference species="Sox2"/>
        </listOfModifiers>
        <listOfProducts>
          <speciesReference species="Sox2"/>
        </listOfProducts>
        <kineticLaw>
          <math xmlns="http://www.w3.org/1998/Math/MathML">          
            <apply>
              <minus/>
              <apply>
                <times/>
                <cn> 0.2 </cn>
                <apply>
                  <plus/>
                  <cn type="integer"> 0 </cn>
                  <apply>
                    <times/>
                    <apply>
                      <divide/>
                      <apply>
                        <times/>
                        <apply>
                          <divide/>
                          <apply>
                            <times/>
                            <cn type="integer"> 1 </cn>
                            <apply>
                              <power/>
                              <cn> 0.7 </cn>
                              <cn type="integer"> 8 </cn>
                            </apply>
                          </apply>
                          <apply>
                            <plus/>
                            <apply>
                              <power/>
                              <cn> 0.7 </cn>
                              <cn type="integer"> 8 </cn>
                            </apply>
                            <apply>
                              <power/>
                              <ci> MEs </ci>
                              <cn type="integer"> 8 </cn>
                            </apply>
                          </apply>
                        </apply>
                        <apply>
                          <power/>
                          <cn> 0.7 </cn>
                          <cn type="integer"> 8 </cn>
                        </apply>
                      </apply>
                      <apply>
                        <plus/>
                        <apply>
                          <power/>
                          <cn> 0.7 </cn>
                          <cn type="integer"> 8 </cn>
                        </apply>
                        <apply>
                          <power/>
                          <ci> ECTs </ci>
                          <cn type="integer"> 8 </cn>
                        </apply>
                      </apply>
                    </apply>
                    <apply>
                      <plus/>
                      <ci> KM </ci>
                      <apply>
                        <divide/>
                        <apply>
                          <times/>
                          <ci> Oct4 </ci>
                          <ci> Sox2 </ci>
                        </apply>
                        <apply>
                          <plus/>
                          <cn> 0.35 </cn>
                          <apply>
                            <times/>
                            <ci> Oct4 </ci>
                            <ci> Sox2 </ci>
                          </apply>
                        </apply>
                      </apply>
                    </apply>
                  </apply>
                </apply>
              </apply>
              <apply>
                <times/>
                <cn> 0.2 </cn>
                <ci> Sox2 </ci>
              </apply>
            </apply>
          </math>
                </kineticLaw>
      </reaction>
      <reaction name="1*(0+1*0.8*Oct4^9/(1.3^9+Oct4^9)+1*0.55^10/(0.55^10+Sox2^10)*0.3^8/(0.3^8+ECTs^8)-MEs)" id="MEs_synthesis">
        <listOfModifiers>
          <modifierSpeciesReference species="Oct4"/>
          <modifierSpeciesReference species="Sox2"/>
          <modifierSpeciesReference species="ECTs"/>
          <modifierSpeciesReference species="MEs"/>
        </listOfModifiers>
        <listOfProducts>
          <speciesReference species="MEs"/>
        </listOfProducts>
        <kineticLaw>
          <math xmlns="http://www.w3.org/1998/Math/MathML">          
            <apply>
              <times/>
              <cn type="integer"> 1 </cn>
              <apply>
                <minus/>
                <apply>
                  <plus/>
                  <apply>
                    <plus/>
                    <cn type="integer"> 0 </cn>
                    <apply>
                      <divide/>
                      <apply>
                        <times/>
                        <apply>
                          <times/>
                          <cn type="integer"> 1 </cn>
                          <cn> 0.8 </cn>
                        </apply>
                        <apply>
                          <power/>
                          <ci> Oct4 </ci>
                          <cn type="integer"> 9 </cn>
                        </apply>
                      </apply>
                      <apply>
                        <plus/>
                        <apply>
                          <power/>
                          <cn> 1.3 </cn>
                          <cn type="integer"> 9 </cn>
                        </apply>
                        <apply>
                          <power/>
                          <ci> Oct4 </ci>
                          <cn type="integer"> 9 </cn>
                        </apply>
                      </apply>
                    </apply>
                  </apply>
                  <apply>
                    <divide/>
                    <apply>
                      <times/>
                      <apply>
                        <divide/>
                        <apply>
                          <times/>
                          <cn type="integer"> 1 </cn>
                          <apply>
                            <power/>
                            <cn> 0.55 </cn>
                            <cn type="integer"> 10 </cn>
                          </apply>
                        </apply>
                        <apply>
                          <plus/>
                          <apply>
                            <power/>
                            <cn> 0.55 </cn>
                            <cn type="integer"> 10 </cn>
                          </apply>
                          <apply>
                            <power/>
                            <ci> Sox2 </ci>
                            <cn type="integer"> 10 </cn>
                          </apply>
                        </apply>
                      </apply>
                      <apply>
                        <power/>
                        <cn> 0.3 </cn>
                        <cn type="integer"> 8 </cn>
                      </apply>
                    </apply>
                    <apply>
                      <plus/>
                      <apply>
                        <power/>
                        <cn> 0.3 </cn>
                        <cn type="integer"> 8 </cn>
                      </apply>
                      <apply>
                        <power/>
                        <ci> ECTs </ci>
                        <cn type="integer"> 8 </cn>
                      </apply>
                    </apply>
                  </apply>
                </apply>
                <ci> MEs </ci>
              </apply>
            </apply>
          </math>
                </kineticLaw>
      </reaction>
      <reaction name="1*(0+1*0.8*Sox2^9/(1.3^9+Sox2^9)+1*0.55^10/(0.55^10+Oct4^10)*0.3^8/(0.3^8+MEs^8)-ECTs)" id="ECTs_synthesis">
        <listOfModifiers>
          <modifierSpeciesReference species="Sox2"/>
          <modifierSpeciesReference species="Oct4"/>
          <modifierSpeciesReference species="MEs"/>
          <modifierSpeciesReference species="ECTs"/>
        </listOfModifiers>
        <listOfProducts>
          <speciesReference species="ECTs"/>
        </listOfProducts>
        <kineticLaw>
          <math xmlns="http://www.w3.org/1998/Math/MathML">          
            <apply>
              <times/>
              <cn type="integer"> 1 </cn>
              <apply>
                <minus/>
                <apply>
                  <plus/>
                  <apply>
                    <plus/>
                    <cn type="integer"> 0 </cn>
                    <apply>
                      <divide/>
                      <apply>
                        <times/>
                        <apply>
                          <times/>
                          <cn type="integer"> 1 </cn>
                          <cn> 0.8 </cn>
                        </apply>
                        <apply>
                          <power/>
                          <ci> Sox2 </ci>
                          <cn type="integer"> 9 </cn>
                        </apply>
                      </apply>
                      <apply>
                        <plus/>
                        <apply>
                          <power/>
                          <cn> 1.3 </cn>
                          <cn type="integer"> 9 </cn>
                        </apply>
                        <apply>
                          <power/>
                          <ci> Sox2 </ci>
                          <cn type="integer"> 9 </cn>
                        </apply>
                      </apply>
                    </apply>
                  </apply>
                  <apply>
                    <divide/>
                    <apply>
                      <times/>
                      <apply>
                        <divide/>
                        <apply>
                          <times/>
                          <cn type="integer"> 1 </cn>
                          <apply>
                            <power/>
                            <cn> 0.55 </cn>
                            <cn type="integer"> 10 </cn>
                          </apply>
                        </apply>
                        <apply>
                          <plus/>
                          <apply>
                            <power/>
                            <cn> 0.55 </cn>
                            <cn type="integer"> 10 </cn>
                          </apply>
                          <apply>
                            <power/>
                            <ci> Oct4 </ci>
                            <cn type="integer"> 10 </cn>
                          </apply>
                        </apply>
                      </apply>
                      <apply>
                        <power/>
                        <cn> 0.3 </cn>
                        <cn type="integer"> 8 </cn>
                      </apply>
                    </apply>
                    <apply>
                      <plus/>
                      <apply>
                        <power/>
                        <cn> 0.3 </cn>
                        <cn type="integer"> 8 </cn>
                      </apply>
                      <apply>
                        <power/>
                        <ci> MEs </ci>
                        <cn type="integer"> 8 </cn>
                      </apply>
                    </apply>
                  </apply>
                </apply>
                <ci> ECTs </ci>
              </apply>
            </apply>
          </math>
                </kineticLaw>
      </reaction>
    </listOfReactions>
  </model>
</sbml>


Land	3.0	0.0	3.0	0.0
4	3.0	200	128	true	50
Oct4	Sox2	MEs	ECTs	
0.0	0.05	0.1	0.15	0.2	0.25	0.3	0.35	0.4	0.45	0.5	0.55	0.6	0.65	0.7	0.75	0.8	0.85	0.9	0.95	1.0	1.05	1.1	1.15	1.2	1.25	1.3	1.35	1.4	1.45	1.5	1.55	1.6	1.65	1.7	1.75	1.8	1.85	1.9	1.95	2.0	2.05	2.1	2.15	2.2	2.25	2.3	2.35	2.4	2.45	2.5	2.55	2.6	2.65	2.7	2.75	2.8	2.85	2.9	2.95	3.0	
0.0	0.05	0.1	0.15	0.2	0.25	0.3	0.35	0.4	0.45	0.5	0.55	0.6	0.65	0.7	0.75	0.8	0.85	0.9	0.95	1.0	1.05	1.1	1.15	1.2	1.25	1.3	1.35	1.4	1.45	1.5	1.55	1.6	1.65	1.7	1.75	1.8	1.85	1.9	1.95	2.0	2.05	2.1	2.15	2.2	2.25	2.3	2.35	2.4	2.45	2.5	2.55	2.6	2.65	2.7	2.75	2.8	2.85	2.9	2.95	3.0	
46	122	32	
0.021876772379943045	0.021876772387496485	6.560569561040263E-5	0.9999999999999903	0.12542612041753126	0.12542588036680943	0.025	0.025000000000000258	
1.204536499317194	1.204536499317358	0.26814290240719313	0.26814290240746613	0.14364204144975232	0.14351405803324505	0.02499999999999998	0.02499999999999998	
0.021876772388356613	0.021876772379245308	0.9999999999999928	6.560569561040137E-5	0.1254261204173697	0.1254258803669736	0.025000000000000258	0.025	
61	61
0.7072066992924353	0.7084230740936303	0.7295565678784028	0.7705992386568399	0.8315388361039666	0.9123564207188803	1.0130226454372888	1.1334919387685234	1.2736933939681674	1.433516490361817	1.612788724165421	1.8112406326752126	2.0284513480176822	2.2637645483385107	2.5161606183725143	2.784067100565724	3.0650897521596803	3.3556597670194463	3.6506368180400486	3.9430066676406206	4.223968953027145	4.483830859650783	4.7139454673187995	4.909228861352015	5.069947227770652	5.201558850061436	5.312728934778166	5.412838232194388	5.5101996517167935	5.6113137880647255	5.720866394072175	5.842059393766847	5.977005391958497	6.127066391472045	6.293106985002279	6.475670205243156	6.675094542407361	6.891589793517979	7.125285407817939	7.376260958096058	7.644565196130537	7.930227900063485	8.233267206660704	8.553694131883736	8.891515348606944	9.2467348881605	9.619355179608906	10.009377682745477	10.416803272572748	10.841632472203582	11.283865593563721	11.743502822167704	12.220544268062044	12.7149899963566	13.226840045474276	13.756094438030567	14.30275318730236	14.866816301063926	15.44828378385569	16.047155638322554	16.663431866001233	
0.7084230740936303	0.7096248400063061	0.7307361172749045	0.7717449195534952	0.8326327603243368	0.9133710637033331	1.013915562815996	1.1341975464073968	1.2741101715221501	1.4334870678807483	1.6120689535369712	1.8094517621906612	2.0250066851043123	2.2577586530404385	2.50620609765847	2.768064579537582	3.0399282009751123	3.316881984398613	3.5921886882766443	3.8573214863672165	4.102741593140357	4.319691642489197	4.502645515928171	4.651210170069504	4.770219807417903	4.86795677247638	4.95369893962831	5.035848867724909	5.1210783017631085	5.214249965002944	5.318714230594196	5.436695662826343	5.569635670565098	5.71845307546043	5.883727056464429	6.0658198084710016	6.264956497805253	6.481276455087997	6.714865564495772	6.965776587175192	7.234041836316019	7.519681044773299	7.822706229478144	8.14312468871595	8.480940843177887	8.836157363488839	9.208775858796757	9.598797296140162	10.006222255159951	10.43105108238826	10.873283984457471	11.332921084259853	11.809962454694578	12.30440813889297	12.816258162307868	13.345512539920657	13.892171280526464	14.45623438927527	15.037701869174828	15.636573721977225	16.25284994870044	
0.7295565678784028	0.7307361172749045	0.7518136102701469	0.7927709129449261	0.8535800622848744	0.9341978454864538	1.0345573490392932	1.1545547747274307	1.2940288769085575	1.4527289462670716	1.630265160117662	1.8260321765930867	2.039093142497288	2.2680076720979403	2.510586753543725	2.76356734907511	3.022234709676491	3.280103093175816	3.52890490766551	3.7592696613198493	3.9623844909884074	4.132365784929165	4.268239537910351	4.374253563036896	4.458300033860984	4.5295218045579455	4.596375740799586	4.66567705798932	4.742447194709469	4.830174094013812	4.931188209444033	5.0470071339798945	5.178602288705612	5.326588223672331	5.491350504651488	5.673129551279064	5.872074559909839	6.088277751190178	6.321795932650037	6.572663988681796	6.840903278734471	7.126526844547768	7.429542627578141	7.749955450677555	8.087768235031598	8.442982745350513	8.815600044923583	9.205620772743984	9.61304531182133	10.037873891133277	10.480106647215878	10.939743661272335	11.41678498147202	11.911230636314679	12.423080642618705	12.952335010283296	13.498993745119973	14.063056850531684	14.64452432850584	15.243396180200168	15.85967240628731	
0.7705992386568399	0.7717449195534952	0.7927709129449261	0.8336497198149535	0.894338947215303	0.974773109652014	1.0748508683853382	1.1944151742190579	1.333222417616237	1.4908946859448367	1.6668464244997971	1.8601732508462414	2.069487153012104	2.2926814629844388	2.5266176070556567	2.766757584379666	3.0068422424132133	3.2388466383039836	3.453576061981411	3.6422068984910934	3.7985744627525397	3.921201638529714	4.013795149337435	4.0838596077332205	4.14037764585588	4.1918278147640455	4.245140995449089	4.305477779880835	4.376451325932985	4.46049067183536	4.559185464421707	4.673557470034313	4.804255421809403	4.951687656466435	5.11610956229886	5.2976800801764625	5.496497726860865	5.712623353064394	5.94609442601295	6.196933947411264	6.465155998730507	6.750769177043504	7.053778717020496	7.3741877975660985	7.711998344090843	8.067211519734704	8.439828025317953	8.829848282002844	9.237272542231425	9.66210095692288	10.10433361606803	10.563970573187829	11.041011860030652	11.535457495380642	12.04730749032278	12.576561851381609	13.123220582387496	13.687283685583319	14.26875116227898	14.867623013237532	15.48389923890231	
0.8315388361039666	0.8326327603243368	0.8535800622848744	0.894338947215303	0.9548450098471378	1.034998823597885	1.1346466724893591	1.2535506839865749	1.3913427062287793	1.5474535955909372	1.7210061838906594	1.9106567828409586	2.1143690938594415	2.3291120692542826	2.550502516333792	2.772483766695679	2.9872554761728094	3.1858008767825003	3.359321541434018	3.501439990434352	3.610251929995502	3.688973883318419	3.7447342621397315	3.786337146835646	3.822253346240383	3.859501982536885	3.903362278596027	3.9575589657099575	4.024611215584316	4.106175723474486	4.203321729796692	4.316730547218812	4.446832411485564	4.593897220210067	4.758093426885567	4.939525734650978	5.1382589910817735	5.354333231281037	5.5877730985967276	5.838593719263813	6.1068043524489575	6.392410650723554	6.695416055744873	7.015822657508906	7.353631721873946	7.708844013538089	8.081459993248279	8.471479937892378	8.878904013434955	9.303732319095658	9.745964914037621	10.205601833447385	10.682643098197442	11.177088720637135	11.688938708054119	12.218193064737848	12.764851793206544	13.328914894934753	13.910382370783644	14.509254221254881	15.125530446639925	
0.9123564207188803	0.9133710637033331	0.9341978454864538	0.974773109652014	1.034998823597885	1.114723792243865	1.2137146049471486	1.3316108701003395	1.4678567271384284	1.6215973695938413	1.7915260179088064	1.975665712338883	2.1710772656851387	2.37351177132663	2.577091868465929	2.774222927236398	2.9560641917835118	3.1138709265006175	3.2411134573893894	3.335533294500163	3.399911448749337	3.44101895616125	3.4674695695853206	3.4877004126618676	3.50879223482067	3.536121744897659	3.573510527258868	3.623558398743838	3.6879832735493583	3.767898398395547	3.8640156521553104	3.976786025179763	4.1064932876749	4.253315060109301	4.417362050134695	4.5987030105594355	4.7973805011694495	5.013420788874044	5.2468400389722785	5.497648172654241	5.765851262507879	6.051453015589588	6.354455688940219	6.67486065315882	7.012668738375112	7.3678804460630944	7.7404960783705485	8.130515816874121	8.5379397704094	8.962768004042209	9.405000556570267	9.864637451068035	10.341678701223172	10.836124315134066	11.347974297579784	11.877228651373239	12.423887378165816	12.987950478924487	13.569417954213987	14.168289804363294	14.784566029563537	
1.0130226454372888	1.013915562815996	1.0345573490392932	1.0748508683853382	1.1346466724893591	1.2137146049471486	1.3117001508108035	1.428057803010265	1.5619505926126185	1.7121017582984555	1.8765834423218208	2.052533750574819	2.2358188240224433	2.4207184195371574	2.5998243850372837	2.7644670029478693	2.9059775947502553	3.0177278898787603	3.0971745975107536	3.1467201725275418	3.1728032398273	3.183841483754269	3.1882159988331877	3.1930437003448082	3.203777332754628	3.2243197514200026	3.2573410203566064	3.304613686825045	3.367290972378256	3.4461129133372816	3.5415498428538394	3.6538985904663823	3.7833454833411926	3.9300069782601663	4.093955594945336	4.2752363452675555	4.473877083236238	4.689894996106631	4.923300659988416	5.174100565294042	5.442298684505161	5.727897442583604	6.030898315941705	6.351302201128753	6.689109641153723	7.044320964042294	7.4169363674358415	7.806955970107405	8.214379843248537	8.639208029420082	9.081440554000395	9.54107743208293	10.018118672621055	10.51256428091208	11.024414260082088	11.553668611971055	12.10032733765919	12.664390437779007	13.245857912699906	13.844729762637085	14.461005987715557	
1.1334919387685234	1.1341975464073968	1.1545547747274307	1.1944151742190579	1.2535506839865749	1.3316108701003395	1.428057803010265	1.5420680873533805	1.672388514242358	1.8171307483811883	1.973496556556619	2.1374490335494785	2.3034038612206733	2.4641201421304055	2.6110920596206957	2.735744423281881	2.8313977696075994	2.8952895114894592	2.9295015082101634	2.9401697718559943	2.9355155402832036	2.9238450860094187	2.912287429162739	2.906349879769645	2.9100003397940366	2.925967954158236	2.956072643170217	3.0015030526943396	3.0630245950953805	3.1411252779352186	3.236114004847798	3.348185236266453	3.4774608492760275	3.6240169450273045	3.7879008848564	3.969142054450942	4.167758634025177	4.383761840099897	4.617158574138742	4.867953071258769	5.1361479234993235	5.421744713115361	5.724744403435171	6.045147579434499	6.382954595411527	6.7381656653933195	7.110780918334845	7.500800431731823	7.908224252034501	8.333052407012493	8.775284913224363	9.23492178051811	9.711963014735527	10.206408619332937	10.718258596350008	11.247512946987268	11.794171671949513	12.35823477164945	12.93970224632809	13.538574096125847	14.154850321124288	
1.2736933939681674	1.2741101715221501	1.2940288769085575	1.333222417616237	1.3913427062287793	1.4678567271384284	1.5619505926126185	1.672388514242358	1.7973126322309545	1.9339755257088114	2.0784201559598006	2.225177913811021	2.367156223928133	2.496004610605741	2.603254968146117	2.682218728755896	2.729975577235965	2.7483447311611884	2.743192978527594	2.722549317628033	2.6946297669684935	2.666552944161397	2.643859481949959	2.6305656771307087	2.6294479717342334	2.642365819544923	2.670538276540554	2.714753007906083	2.7755137870424353	2.8531404427567386	2.947834886062918	3.059724013689511	3.1888872760524865	3.3353742512897986	3.4992157821680796	3.680431000713586	3.8790317417058477	4.095025306109416	4.328416185920978	4.579207137584258	4.8473998481047404	5.132995347266184	5.435994262029798	5.756396973112585	6.094203711100146	6.449414615286106	6.822029769597179	7.212049224469248	7.6194730101331185	8.044301144661846	8.486533638832087	8.946170499053133	9.423211729126944	9.917657331302962	10.429507306908656	10.958761656725343	11.505420381211728	12.069483480636405	12.650950955156231	13.249822804862589	13.866099029808565	
1.433516490361817	1.4334870678807483	1.4527289462670716	1.4908946859448367	1.5474535955909372	1.6215973695938413	1.7121017582984555	1.8171307483811883	1.9339755257088114	2.058742703251476	2.1860601020379447	2.308965039784842	2.4192530269155865	2.5085738027970814	2.5702673730136496	2.6013134734898946	2.6033258432273207	2.581937871010248	2.5449942645638144	2.5006084093234224	2.4558676302845703	2.4163250714128033	2.3860285500057157	2.3677895599625827	2.3634987738102757	2.3744002445268397	2.4013004633137087	2.4447168424018346	2.5049788351078828	2.582295017401145	2.6767968363431645	2.7885668142595588	2.9176565839898445	3.0640983517776053	3.2279121481445507	3.409110396240133	3.607700780095266	3.82368803976737	4.057075091522841	4.307863724843982	4.5760550349196425	4.861649690270848	5.164648097909962	5.485050504991147	5.8228570612058865	6.178067856980669	6.550682946798921	6.940702363402523	7.3481261264166555	7.772954247573949	8.215186733870373	8.674823589466698	9.151864816831072	9.646310417423786	10.1581603921066	10.687414741386732	11.234073465561957	11.798136564806647	12.379604039222626	12.978475888869221	13.59475211378089	
1.612788724165421	1.6120689535369712	1.630265160117662	1.6668464244997971	1.7210061838906594	1.7915260179088064	1.8765834423218208	1.973496556556619	2.0784201559598006	2.1860601020379447	2.2895658488572947	2.3808692828226428	2.4517468162939733	2.495601191013939	2.5093664657761345	2.494506680455325	2.4564590332123064	2.402894759954311	2.341814887500458	2.2802561587371017	2.2237640090256416	2.1764008698844575	2.1410007379647915	2.1194768262095294	2.1130924451534834	2.122669226430808	2.1487359023107415	2.1916301136166947	2.251566221370653	2.3286796897352384	2.4230557928906618	2.5347480280912786	2.6637898530340762	2.8102021314848002	2.973997837402578	3.155185016555214	3.3537686451403137	3.5697517927130242	3.803136347737992	4.053923469000269	4.322113865686804	4.607707970694536	4.910706047581147	5.231108256389082	5.568914694049598	5.924125419117441	6.296740466872786	6.686759858517289	7.094183606759021	7.5190117191953245	7.9612442003563615	8.420881052936393	8.897922278533645	9.39236787809371	9.904217852174614	10.433472201104797	10.980130925077082	11.544194024204382	12.125661498552631	12.724533348160248	13.34080957304954	
1.8112406326752126	1.8094517621906612	1.8260321765930867	1.8601732508462414	1.9106567828409586	1.975665712338883	2.052533750574819	2.1374490335494785	2.225177913811021	2.308965039784842	2.3808692828226428	2.432801444559094	2.4582585163122546	2.4541800080456975	2.4219342150003595	2.36679978795046	2.296287306177676	2.218277901546699	2.1397399617134116	2.066191703689951	2.001693408741098	1.9490888789889182	1.9103049420014995	1.8866181787787286	1.8788614673544726	1.8875723804541282	1.9130951916231507	1.955649083612133	2.01537294674438	2.0923544477734266	2.186648731784431	2.2982903784746127	2.4273010081631092	2.5736941006161946	2.737478037205767	2.918658015272006	3.1172372491675837	3.3332177216084418	3.566600652390844	3.81738678998979	4.0855765924761815	4.371170339461505	4.674168201179359	4.994570281002056	5.332376641537994	5.687587320607966	6.060202340999602	6.4502217164071505	6.85764545503881	7.28247356180174	7.724706039621989	8.184342890239794	8.66138411468746	9.155829713575741	9.667679687265078	10.196934035967605	10.743592759807868	11.307655858858801	11.889123333162988	12.487995182745248	13.104271407619985	
2.0284513480176822	2.0250066851043123	2.039093142497288	2.069487153012104	2.1143690938594415	2.1710772656851387	2.2358188240224433	2.3034038612206733	2.367156223928133	2.4192530269155865	2.4517468162939733	2.4582585163122546	2.4357814749427678	2.3856400418332138	2.3129915459795947	2.2251998693894737	2.130020398365084	2.034336771713187	1.9436212692875636	1.8619155551728512	1.792060542646066	1.735987618815331	1.6949804833652304	1.6698792129363451	1.6612276149629703	1.669374944455966	1.6945441719798122	1.736876972950245	1.7964630125846384	1.8733588434205446	1.9676000216660436	2.079208836818925	2.208199222402823	2.3545798646541507	2.518356164071351	2.699531469391874	2.8981078516246357	3.114086588213727	3.3474684650539355	3.5982539643725646	3.8664433812943537	4.15203689596627	4.455034618065591	4.775436614192472	5.113242924683897	5.468453573906823	5.841068576542729	6.2310879414144615	6.638511673810349	7.063339776891947	7.50557225254443	7.9652091018889895	8.442250325590711	8.93669592404309	9.448545897478345	9.97780024603315	10.524458969787746	11.088522068789127	11.669989543064725	12.26886139263053	12.885137617495822	
2.2637645483385107	2.2577586530404385	2.2680076720979403	2.2926814629844388	2.3291120692542826	2.37351177132663	2.4207184195371574	2.4641201421304055	2.496004610605741	2.5085738027970814	2.495601191013939	2.4541800080456975	2.3856400418332138	2.2950533401967035	2.1896513765907137	2.077059108226391	1.9640602376618046	1.8560632292561314	1.7570750984319066	1.669921322714162	1.5965287822467835	1.5381820643157291	1.4957243003904952	1.4697028381513428	1.4604701899201813	1.4682520240915748	1.4931921187665658	1.5353817139249173	1.5948785084557113	1.6717188753254952	1.765925676156883	1.8775132396913135	2.0064905219844293	2.152863105878808	2.3166344622401382	2.4978067432202593	2.6963812797832274	2.912358892888488	3.1457400875942447	3.3965251738044606	3.664714341180959	3.9503077054949673	4.253305337230394	4.573707279187687	4.911513557289317	5.266724187194647	5.6393391783386955	6.029358536391443	6.436782264751415	6.861610365450383	7.303842839699845	7.763479688220334	8.240520911439267	8.734966509609517	9.246816482880329	9.776070831339526	10.322729555038677	10.886792654007987	11.46826012826508	12.067131977820235	12.683408202679415	
2.5161606183725143	2.50620609765847	2.510586753543725	2.5266176070556567	2.550502516333792	2.577091868465929	2.5998243850372837	2.6110920596206957	2.603254968146117	2.5702673730136496	2.5093664657761345	2.4219342150003595	2.3129915459795947	2.1896513765907137	2.059404206568717	1.9289196279201841	1.8035252773909032	1.6871780470117905	1.5826757153154927	1.491931693029305	1.41622523063925	1.3563983342117156	1.3129991478821117	1.2863816695113908	1.2767731351448026	1.2843187116204673	1.3091107663472419	1.3512078663196274	1.410647029365757	1.4874515837373559	1.581636189075739	1.6932100323065655	1.822178855194752	1.9685462367534183	2.1323144019976077	2.313484730549619	2.512058075605459	2.728034963426203	2.9614157177688614	3.212200537290397	3.4803895435690677	3.7659828108172313	4.068980384216878	4.389382291204176	4.727188548396087	5.082399165830654	5.455014149555961	5.845033503206609	6.252457228961137	6.677285328121963	7.119517801465684	7.579154649454182	8.056195872361442	8.550641470349563	9.062491443514213	9.591745791911688	10.138404515575047	10.702467614523652	11.2839350887688	11.882806938317081	12.499083163172314	
2.784067100565724	2.768064579537582	2.76356734907511	2.766757584379666	2.772483766695679	2.774222927236398	2.7644670029478693	2.735744423281881	2.682218728755896	2.6013134734898946	2.494506680455325	2.36679978795046	2.2251998693894737	2.077059108226391	1.9289196279201841	1.7860121018364334	1.6522284874018873	1.5303270116821257	1.4221988687935188	1.3291118395297157	1.2519026478058257	1.1911174814859191	1.1471100309566182	1.1201079463816834	1.1102570484202778	1.1176503674903866	1.1423470473022244	1.184384568922108	1.2437866147371592	1.3205681060438583	1.4147384182802825	1.526303426388188	1.6552668019829353	1.8016308336214595	1.9653969440359667	2.1465660153823998	2.34513859320613	2.5611150140043284	2.7944954847902674	3.04528013258687	3.313469035132214	3.5990622398782266	3.9020597757145947	4.222461660184194	4.5602679039120275	4.9154785133164856	5.288093492264756	5.678112843080827	6.08553656715767	6.510364665328064	6.952597138088565	7.412233985734506	7.889275208441076	8.38372080631192	8.895570779408212	9.424825127765944	9.971483851406255	10.535546950341528	11.117014424578985	11.71588627412284	12.33216249897553	
3.0650897521596803	3.0399282009751123	3.022234709676491	3.0068422424132133	2.9872554761728094	2.9560641917835118	2.9059775947502553	2.8313977696075994	2.729975577235965	2.6033258432273207	2.4564590332123064	2.296287306177676	2.130020398365084	1.9640602376618046	1.8035252773909032	1.6522284874018873	1.5128772189685096	1.3873320229878694	1.2768432511940526	1.182238271104836	1.1040585930950584	1.0426558126541587	0.9982568345781252	0.9710073885530288	0.9610006934707764	0.9682961695547322	0.9929315724206064	1.034930820717257	1.0943090241982427	1.1710757016271653	1.265236833393803	1.3767961668036024	1.5057560437052908	1.6521179237693098	1.815882714421152	1.9970509782999457	2.1956230633529783	2.411599184196587	2.644979472862652	2.895764010365584	3.163952846286202	3.4495460108890095	3.7525435225996437	4.0729453926068215	4.410751627687095	4.765962231934061	5.138577207814189	5.5285965568097	5.936020279809018	6.360848377343286	6.803080849729204	7.262717697155131	7.739758919732806	8.234204517528326	8.746054490580713	9.275308838912919	9.821967562538427	10.386030661465139	10.967498135697653	11.566369985238664	12.182646210089723	
3.3556597670194463	3.316881984398613	3.280103093175816	3.2388466383039836	3.1858008767825003	3.1138709265006175	3.0177278898787603	2.8952895114894592	2.7483447311611884	2.581937871010248	2.402894759954311	2.218277901546699	2.034336771713187	1.8560632292561314	1.6871780470117905	1.5303270116821257	1.3873320229878694	1.2594202954456295	1.147405905257548	1.0518230351544247	0.9730194305329993	0.9112201029052873	0.866569947641856	0.8391618946824717	0.8290553363012636	0.8362881097487833	0.8608842484356831	0.9028589744937346	0.9622219026454998	1.038979089406111	1.1331343397229325	1.2446900376929126	1.3736476732079914	1.5200081749036163	1.6837721200751088	1.864939866666326	2.063511636036258	2.2794875647204424	2.5128677367153935	2.763652203561114	3.0318409968000744	3.3174341356860277	3.6204316319410466	3.9408334926831956	4.278639722223601	4.633850323166536	5.006465297081126	5.396484644910335	5.803908367219361	6.2287364643461105	6.670968936492059	7.13060578377704	7.607647006272138	8.102092604019406	8.613942577043666	9.14319692535952	9.689855648975545	10.25391874789677	10.83538622212612	11.43425807166531	12.050534296515323	
3.6506368180400486	3.5921886882766443	3.52890490766551	3.453576061981411	3.359321541434018	3.2411134573893894	3.0971745975107536	2.9295015082101634	2.743192978527594	2.5449942645638144	2.341814887500458	2.1397399617134116	1.9436212692875636	1.7570750984319066	1.5826757153154927	1.4221988687935188	1.2768432511940526	1.147405905257548	1.0344111447397972	0.938201167778614	0.858997973472805	0.7969448922729184	0.7521340921450426	0.7246246333527256	0.7144542405882346	0.7216469387437463	0.7462179845153041	0.7881770397429094	0.8475302065800153	0.924281328691011	1.018432820738988	1.1299861956671884	1.2589423989457502	1.4053020198724429	1.5690654247881726	1.7502328408367795	1.9488044084878804	2.1647802143838697	2.3981603118270156	2.6489447335234138	2.917133499489181	3.202726621942298	3.505724108321319	3.826125963143199	4.163932189143679	4.519142787975369	4.891757760633998	5.281777107717951	5.689200829585887	6.114028926452235	6.556261398444846	7.015898245639763	7.492939468082097	7.98738506579853	8.499235038804818	9.028489387110223	9.575148110720187	10.139211209637908	10.720678683865236	11.319550533403262	11.935826758252608	
